#Position	OddsRatio	P-value
135	3.39441136051	3.3880934757e-08
136	3.51818611242	1.56825559461e-08
137	3.64814814815	4.31006154024e-09
138	3.7847082495	1.82320377708e-09
139	3.92831168831	7.51417930129e-10
140	4.00105820106	6.02838994818e-10
141	3.94841269841	1.05944976541e-09
142	3.82159624413	2.19601987557e-09
143	3.76995305164	3.73197583902e-09
144	3.91563342318	1.55551869008e-09
145	3.86199460916	2.69774585379e-09
146	3.93626373626	1.39480078314e-09
147	3.80769230769	4.64704233545e-09
148	3.95770308123	1.92746301931e-09
149	3.82767191384	4.04986547892e-09
150	3.90422535211	3.32998977419e-09
151	3.98390342052	1.66350280874e-09
152	3.85289115646	5.71029614239e-09
153	3.72602739726	1.15602224773e-08
154	3.60314396029	3.9234317488e-08
155	3.48408163265	7.40809845385e-08
156	3.43129251701	1.24231837756e-07
157	3.31686358754	2.41896750179e-07
158	3.38596491228	2.03366295157e-07
159	3.45800671892	1.0815148981e-07
160	3.53318077803	8.90581210002e-08
161	3.61169590643	4.64723202937e-08
162	3.49090909091	1.4592407865e-07
163	3.57024793388	7.49014742692e-08
164	3.45046620047	2.38284136685e-07
165	3.33429228999	4.42210620643e-07
166	3.22159090909	8.59435529688e-07
167	3.11223344557	2.41767600269e-06
168	3.24156976744	1.15904307023e-06
169	3.37854128993	5.38566792638e-07
170	3.2625	1.01460364426e-06
171	3.14991181658	3.03477199188e-06
172	3.22673893406	1.57885101536e-06
173	3.11481261154	3.00454525649e-06
174	3.00617102557	8.20291930466e-06
175	3.0813253012	4.54343345001e-06
176	3.16033364226	3.81896001435e-06
177	3.04945054945	6.86547002287e-06
178	2.94177978884	1.26983042916e-05
179	2.83720930233	3.27394887307e-05
180	2.73563218391	5.64780038746e-05
181	2.80762250454	4.9276075263e-05
182	2.93306096794	2.5350620436e-05
183	2.87554996857	4.05734594154e-05
184	2.95542635659	2.20466028951e-05
185	2.84738186462	3.95006282299e-05
186	2.74242424242	0.000100934259344
187	2.6404494382	0.000168509035708
188	2.76201298701	8.96614081013e-05
189	2.658105939	0.000155756628853
190	2.73628552545	0.000131006853352
191	2.63235294118	0.000221284397176
192	2.53135100194	0.000545631445568
193	2.60805860806	0.000316289637915
194	2.54878454878	0.000484224809204
195	2.62843406593	0.000288749803973
196	2.52513586957	0.000697631386516
197	2.46501358696	0.00105990349952
198	2.36559139785	0.0016589394813
199	2.26894946809	0.00261776766015
200	2.38085327784	0.00153175531578
201	2.46021505376	0.00134791827572
202	2.39713261649	0.00203031624915
203	2.47979236188	0.00120985037977
204	2.61102484472	0.000666582346967
205	2.50076804916	0.00111429727707
206	2.39361702128	0.00256844367173
207	2.48226950355	0.00153391097093
208	2.37426900585	0.00250007309866
209	2.26929012346	0.00553637316949
210	2.16723940435	0.00841993025854
211	2.06802721088	0.0127883166713
212	2.18239492466	0.00787802243785
213	2.08045525903	0.0165419850499
214	2.16367346939	0.0105597681306
215	2.25382653061	0.00672560411326
216	2.35181898846	0.00581375748472
217	2.49859418932	0.00329044748722
218	2.37940630798	0.00523895181901
219	2.53313696613	0.00293595054734
220	2.65979381443	0.00252052257486
221	2.53010204082	0.00401464147133
222	2.44285714286	0.00611932503272
223	2.31818181818	0.00961737914887
224	2.44019138756	0.00858333587951
225	2.34981392876	0.0128760756101
226	2.22368421053	0.0193767809995
227	2.10109431996	0.0290622739774
228	2.21782178218	0.0182854051005
229	2.34828188701	0.0159287517068
230	2.49504950495	0.00921360945398
231	2.66138613861	0.00524472802607
232	2.85148514851	0.00426172709517
233	2.68977591036	0.0069455287512
234	2.89668174962	0.00371914991712
235	2.72740851382	0.00634006261676
236	3.00163398693	0.00483949246178
237	2.82038834951	0.0079161263314
238	3.07678729038	0.00401867036745
239	2.88461538462	0.00690944428615
240	3.22330097087	0.00331914344451
241	3.01442307692	0.00882426522643
242	2.85576923077	0.0141501907821
243	3.17307692308	0.0069259536345
244	3.56971153846	0.00323502140748
245	3.31904761905	0.00588677386218
246	3.12380952381	0.015649465119
247	3.57006802721	0.00697461761601
248	3.29514824798	0.0121508433225
249	3.02803738318	0.0209282825697
250	3.53271028037	0.00990542113582
251	4.23925233645	0.0066201293762
252	3.87592592593	0.0118810053214
253	3.52293577982	0.0210981007024
254	3.18	0.0368649605503
255	2.84684684685	0.0630537550507
256	3.61363636364	0.028610312999
257	3.2027027027	0.0810185654764
258	2.80357142857	0.133437213919
259	2.41592920354	0.214869872528
260	3.22123893805	0.105569105534
261	4.83185840708	0.0423351596536
262	4.07894736842	0.0805756843596
263	3.34782608696	0.245410523924
264	2.63793103448	0.408925565954
265	1.94871794872	0.656466749957
266	1.29914529915	1.0
267	2.59829059829	0.582841328413
268	inf	0.191909252426
269	inf	0.440740740741
270	0.0	1.0
271	1.27966101695	1.0
272	0.639830508475	1.0
273	0.420168067227	0.633267101902
274	0.31512605042	0.389776463739
275	0.248333333333	0.233973271232
276	0.206944444444	0.140217753885
277	0.174734356553	0.0818928598342
278	0.150614754098	0.047165556262
279	0.133879781421	0.0464390686104
280	0.118699186992	0.0257928274602
281	0.106304985337	0.0141420910856
282	0.215816703622	0.0431318443187
283	0.328614008942	0.0998898604576
284	0.301229508197	0.0638205900793
285	0.27392120075	0.0394586209133
286	0.365228267667	0.0831676224531
287	0.334101382488	0.0533137405089
288	0.423925667828	0.150365720083
289	0.389784946237	0.100810334795
290	0.365423387097	0.0665831256803
291	0.44512195122	0.118896160404
292	0.519308943089	0.192092384993
293	0.481499051233	0.135099928946
294	0.448	0.0932210692649
295	0.424421052632	0.0642461633794
296	0.4032	0.0439803691319
297	0.378306878307	0.0289558730816
298	0.355762347888	0.0187519889999
299	0.340294419719	0.0189224971181
300	0.3212890625	0.0078552875146
301	0.303875968992	0.00487120953258
302	0.287869822485	0.00297599224692
303	0.333929636255	0.00963920739878
304	0.321561871949	0.00618004784157
305	0.361757105943	0.0118614130807
306	0.407986111111	0.0216498331727
307	0.455526392534	0.0373426196432
308	0.439257592801	0.0376216919949
309	0.417834051724	0.017703650035
310	0.397932816537	0.0117347190723
311	0.385096274069	0.0116810965814
312	0.373062015504	0.00775394347969
313	0.35641025641	0.00504558808938
314	0.34592760181	0.00329931864218
315	0.331079607415	0.00209253270198
316	0.321882951654	0.00135291581247
317	0.31318341242	0.00087976860048
318	0.304941743672	0.000888751706531
319	0.297122724604	0.000553548942874
320	0.289694656489	0.00034733700197
321	0.278455284553	0.000209503791139
322	0.267812388113	0.000125280626909
323	0.257723012843	7.43508323595e-05
324	0.251865671642	4.49937777038e-05
325	0.242633744856	2.6074496666e-05
326	0.233855498721	1.50181117135e-05
327	0.22550085417	8.60905440915e-06
328	0.220802919708	5.01204746726e-06
329	0.213102632357	2.80620200681e-06
330	0.20884057971	1.63358893163e-06
331	0.20172097616	8.92953553565e-07
332	0.194917582418	4.86870228992e-07
333	0.215827338129	1.33451393901e-06
334	0.211755124203	8.03093800186e-07
335	0.204761904762	4.29513925829e-07
336	0.201038961039	2.59400780203e-07
337	0.217792207792	6.50400466583e-07
338	0.238064094179	2.74362276811e-06
339	0.230357142857	9.65013590069e-07
340	0.24681122449	2.20686118364e-06
341	0.238895110116	1.20938333376e-06
342	0.258646616541	4.8010520967e-06
343	0.254187192118	2.84834087989e-06
344	0.249878934625	1.72845280913e-06
345	0.242080378251	9.65243811189e-07
346	0.257210401891	2.16564914871e-06
347	0.272340425532	4.69591133916e-06
348	0.287470449173	9.86475231083e-06
349	0.307142857143	2.04835841117e-05
350	0.327338129496	4.21521957939e-05
351	0.321971930652	4.24307683139e-05
352	0.316778834997	2.64721936483e-05
353	0.336839644694	5.27439933691e-05
354	0.352150537634	9.63829562379e-05
355	0.372969154697	0.000182231890925
356	0.367049009385	0.0001801376507
357	0.35597826087	7.66971650481e-05
358	0.350501672241	7.42119800198e-05
359	0.370578326783	0.000137672965232
360	0.359574000878	8.6813872201e-05
361	0.379562043796	0.000160668302788
362	0.373896938664	0.00016039676898
363	0.362958226769	6.81355906909e-05
364	0.376918158568	0.000117971248428
365	0.37145557656	0.00011845540466
366	0.360739979445	4.96320712479e-05
367	0.355659134664	4.88852978131e-05
368	0.368831695207	5.85097428947e-05
369	0.358333333333	3.59414934139e-05
370	0.348197804333	2.2044095994e-05
371	0.338408831367	1.35336346231e-05
372	0.328951048951	8.33909547718e-06
373	0.345821596244	1.58728816546e-05
374	0.363120567376	3.031665732e-05
375	0.380857142857	8.18027166521e-05
376	0.399040767386	0.000143039793222
377	0.411510791367	0.000236192289794
378	0.400093984962	0.000155779379319
379	0.412218045113	0.000176940375994
380	0.424342105263	0.000283648384844
381	0.443014009845	0.00067497620567
382	0.462147215866	0.00106662530018
383	0.456145303971	0.000757018221493
384	0.450297287254	0.000753678298725
385	0.438029323377	0.000358639790897
386	0.432553956835	0.000352734811196
387	0.427213784528	0.000242977655751
388	0.438760103029	0.000385234764581
389	0.427003484321	0.0002597518546
390	0.444814879803	0.000420504049107
391	0.432960413081	0.000283115217144
392	0.427806122449	0.000195007235896
393	0.422773109244	0.000136734586644
394	0.411677387432	8.79782711228e-05
395	0.400922778048	5.67106346951e-05
396	0.396366837388	3.86495978942e-05
397	0.386108273749	2.43558597481e-05
398	0.396008485896	4.06976686176e-05
399	0.391608391608	2.73347837382e-05
400	0.407433489828	4.87906798813e-05
401	0.402956198731	4.6779046747e-05
402	0.4127843987	7.66581568681e-05
403	0.408297611758	5.17772999617e-05
404	0.418018983466	8.3797399835e-05
