#Position	OddsRatio	P-value
29	19.2266666667	2.38176045749e-05
30	19.18	2.41599144748e-05
31	19.1333333333	2.45078525955e-05
32	19.0866666667	2.48615231423e-05
33	19.04	2.52210324662e-05
34	18.9933333333	2.55864891123e-05
35	18.9466666667	2.59580038699e-05
36	18.9	2.63356898233e-05
37	18.8533333333	2.67196624046e-05
38	18.8066666667	2.71100394469e-05
39	18.76	2.75069412396e-05
40	18.7133333333	2.79104905843e-05
41	18.6666666667	2.83208128534e-05
42	18.62	2.87380360483e-05
43	18.5733333333	2.91622908612e-05
44	18.5266666667	2.95937107362e-05
45	18.48	3.00324319343e-05
46	18.4333333333	3.04785935977e-05
47	18.3866666667	3.09323378177e-05
48	15.4117647059	0.000192838391606
49	15.3725490196	0.000195284521634
50	15.3333333333	0.00019776687147
51	15.2941176471	0.000200286054298
52	15.2549019608	0.000202842694987
53	15.2156862745	0.000205437430333
54	15.1764705882	0.000208070909317
55	15.137254902	0.000210743793361
56	15.0980392157	0.000213456756593
57	15.0588235294	0.000216210486119
58	9.20673076923	0.00247850520483
59	9.20673076923	0.00247850520483
60	9.20673076923	0.00247850520483
61	5.76603773585	0.0188267859079
62	3.52777777778	0.0959260850262
63	3.52777777778	0.0959260850262
64	3.52777777778	0.0959260850262
65	3.52777777778	0.0959260850262
66	3.52777777778	0.0959260850262
67	3.52777777778	0.0959260850262
68	3.52777777778	0.0959260850262
69	1.97402597403	0.324820887344
70	1.97402597403	0.324820887344
71	1.97402597403	0.324820887344
72	1.97402597403	0.324820887344
73	1.97402597403	0.324820887344
74	1.97402597403	0.324820887344
75	1.97402597403	0.324820887344
76	0.845982142857	1.0
77	0.845982142857	1.0
78	0.845982142857	1.0
79	0.845982142857	1.0
80	0.845982142857	1.0
81	0.845982142857	1.0
82	0.845982142857	1.0
83	0.845982142857	1.0
84	0.845982142857	1.0
85	0.0	0.611696317497
86	0.0	0.611696317497
87	0.0	0.611696317497
88	0.0	0.611696317497
89	0.0	0.611696317497
90	0.0	0.611696317497
91	0.0	0.611696317497
92	0.0	0.611696317497
93	0.0	0.611696317497
94	0.0	0.611696317497
95	0.0	0.611696317497
96	0.0	0.611696317497
97	0.0	0.611696317497
98	0.0	0.611696317497
99	0.0	0.611696317497
100	0.0	0.611696317497
101	0.0	0.611696317497
102	0.0	0.611696317497
103	0.0	0.611696317497
104	0.0	0.611696317497
105	0.0	0.611696317497
106	0.0	0.611696317497
107	0.0	0.611696317497
108	0.0	0.611696317497
109	0.0	0.611696317497
110	0.0	0.611696317497
111	0.0	0.611696317497
112	0.0	0.611696317497
113	0.0	0.611696317497
114	0.0	0.611696317497
115	0.0	0.611696317497
116	0.0	0.611696317497
117	0.0	0.611696317497
118	0.0	0.611696317497
119	0.0	0.611696317497
120	0.0	0.611696317497
121	0.0	0.611696317497
122	0.0	0.611696317497
123	0.0	0.611696317497
124	0.0	0.611696317497
125	0.0	0.611696317497
126	0.0	0.611696317497
127	0.0	0.611696317497
128	0.0	0.611696317497
129	0.0	0.611696317497
130	0.0	0.611696317497
131	0.0	0.611696317497
132	0.0	0.611696317497
133	0.0	0.611696317497
134	0.0	0.611696317497
135	0.0	0.611696317497
136	0.845982142857	1.0
137	0.845982142857	1.0
138	0.845982142857	1.0
139	0.845982142857	1.0
140	0.845982142857	1.0
141	0.845982142857	1.0
142	0.845982142857	1.0
143	0.845982142857	1.0
144	0.845982142857	1.0
145	0.845982142857	1.0
146	0.845982142857	1.0
147	0.845982142857	1.0
148	0.845982142857	1.0
149	0.845982142857	1.0
150	0.845982142857	1.0
151	0.845982142857	1.0
152	0.845982142857	1.0
153	0.845982142857	1.0
154	0.845982142857	1.0
155	0.845982142857	1.0
156	0.845982142857	1.0
157	0.845982142857	1.0
158	0.845982142857	1.0
159	0.845982142857	1.0
160	0.845982142857	1.0
161	1.97402597403	0.324820887344
162	1.97402597403	0.324820887344
163	1.97402597403	0.324820887344
164	1.97402597403	0.324820887344
165	1.97402597403	0.324820887344
166	1.97402597403	0.324820887344
167	1.97402597403	0.324820887344
168	1.97402597403	0.324820887344
169	1.97402597403	0.324820887344
170	1.97402597403	0.324820887344
171	1.97402597403	0.324820887344
172	1.97402597403	0.324820887344
173	1.97402597403	0.324820887344
174	1.97402597403	0.324820887344
175	1.97402597403	0.324820887344
176	1.97402597403	0.324820887344
177	1.97402597403	0.324820887344
178	1.97402597403	0.324820887344
179	1.97402597403	0.324820887344
180	1.97402597403	0.324820887344
181	1.97402597403	0.324820887344
182	1.97402597403	0.324820887344
183	1.97402597403	0.324820887344
184	1.97402597403	0.324820887344
185	1.97402597403	0.324820887344
186	1.97402597403	0.324820887344
187	1.97402597403	0.324820887344
188	1.97402597403	0.324820887344
189	1.97402597403	0.324820887344
190	1.97402597403	0.324820887344
191	1.97402597403	0.324820887344
192	1.97402597403	0.324820887344
193	0.845982142857	1.0
194	0.845982142857	1.0
195	0.845982142857	1.0
196	0.845982142857	1.0
197	0.845982142857	1.0
198	0.845982142857	1.0
199	0.845982142857	1.0
200	0.845982142857	1.0
201	0.845982142857	1.0
202	0.845982142857	1.0
203	0.845982142857	1.0
204	0.845982142857	1.0
205	0.845982142857	1.0
206	0.845982142857	1.0
207	0.845982142857	1.0
208	0.845982142857	1.0
209	0.845982142857	1.0
210	0.845982142857	1.0
211	0.845982142857	1.0
212	0.845982142857	1.0
213	0.845982142857	1.0
214	0.845982142857	1.0
215	0.845982142857	1.0
216	0.845982142857	1.0
217	0.845982142857	1.0
218	0.0	0.611696317497
219	0.0	0.611696317497
220	0.0	0.611696317497
221	0.0	0.611696317497
222	0.0	0.611696317497
223	0.0	0.611696317497
224	0.0	0.611696317497
225	0.0	0.611696317497
226	0.0	0.611696317497
227	0.0	0.611696317497
228	0.0	0.611696317497
229	0.0	0.611696317497
230	0.0	0.611696317497
231	0.0	0.611696317497
232	0.0	0.611696317497
233	0.0	0.611696317497
234	0.0	0.611696317497
235	0.0	0.611696317497
236	0.0	0.611696317497
237	0.0	0.611696317497
238	0.0	0.611696317497
239	0.0	0.611696317497
240	0.0	0.611696317497
241	0.0	0.611696317497
242	0.0	0.611696317497
243	0.0	0.611696317497
244	0.0	0.611696317497
245	0.0	0.611696317497
246	0.0	0.611696317497
247	0.0	0.611696317497
248	0.0	0.611696317497
249	0.0	0.611696317497
250	0.0	0.611696317497
251	0.0	0.611696317497
252	0.0	0.611696317497
253	0.0	0.611696317497
254	0.0	0.611696317497
255	0.0	0.611696317497
256	0.0	0.611696317497
257	0.0	0.611696317497
258	0.0	0.611696317497
259	0.0	0.611696317497
260	0.845982142857	1.0
261	0.845982142857	1.0
262	0.845982142857	1.0
263	0.845982142857	1.0
264	0.845982142857	1.0
265	0.845982142857	1.0
266	0.845982142857	1.0
267	0.845982142857	1.0
268	0.845982142857	1.0
269	0.845982142857	1.0
270	0.845982142857	1.0
271	0.845982142857	1.0
272	0.845982142857	1.0
273	0.845982142857	1.0
274	0.845982142857	1.0
275	0.845982142857	1.0
276	0.845982142857	1.0
277	0.845982142857	1.0
278	0.845982142857	1.0
279	0.845982142857	1.0
280	0.845982142857	1.0
281	0.845982142857	1.0
282	0.845982142857	1.0
283	0.845982142857	1.0
284	0.845982142857	1.0
285	0.845982142857	1.0
286	0.845982142857	1.0
287	0.845982142857	1.0
288	0.845982142857	1.0
289	0.845982142857	1.0
290	0.845982142857	1.0
291	0.845982142857	1.0
292	0.845982142857	1.0
293	0.845982142857	1.0
294	0.845982142857	1.0
295	0.845982142857	1.0
296	0.845982142857	1.0
297	0.845982142857	1.0
298	0.845982142857	1.0
299	0.845982142857	1.0
300	0.845982142857	1.0
301	0.845982142857	1.0
302	0.845982142857	1.0
303	0.845982142857	1.0
304	0.845982142857	1.0
305	0.845982142857	1.0
306	0.845982142857	1.0
307	0.845982142857	1.0
308	0.845982142857	1.0
309	0.845982142857	1.0
310	0.845982142857	1.0
311	0.845982142857	1.0
312	0.845982142857	1.0
313	0.845982142857	1.0
314	0.845982142857	1.0
315	0.845982142857	1.0
316	0.845982142857	1.0
317	0.0	0.611696317497
318	0.0	0.611696317497
319	0.0	0.611696317497
320	0.0	0.611696317497
321	0.0	0.611696317497
322	0.0	0.611696317497
323	0.0	0.611696317497
324	0.0	0.611696317497
325	0.0	0.611696317497
326	0.0	0.611696317497
327	0.0	0.611696317497
328	0.0	0.611696317497
329	0.0	0.611696317497
330	0.0	0.611696317497
331	0.0	0.611696317497
332	0.0	0.611696317497
333	0.0	0.611696317497
334	0.0	0.611696317497
335	0.0	0.611696317497
336	0.0	0.611696317497
337	0.0	0.611696317497
338	0.0	0.611696317497
339	0.0	0.611696317497
340	0.0	0.611696317497
341	0.0	0.611696317497
342	0.0	0.611696317497
343	0.0	0.611696317497
344	0.0	0.611696317497
345	0.0	0.611696317497
346	0.0	0.611696317497
347	0.0	0.611696317497
348	0.0	0.611696317497
349	0.0	0.611696317497
350	0.0	0.611696317497
351	0.0	0.611696317497
352	0.0	0.611696317497
353	0.0	0.611696317497
354	0.0	0.611696317497
355	0.0	0.611696317497
356	0.0	0.611696317497
357	0.0	0.611696317497
358	0.0	0.611696317497
359	0.0	0.611696317497
360	0.0	0.611696317497
361	0.0	0.611696317497
362	0.0	0.611696317497
363	0.0	0.611696317497
364	0.0	0.611696317497
365	0.0	0.611696317497
366	0.0	0.611696317497
367	0.0	0.611696317497
368	0.0	0.611696317497
369	0.0	0.611696317497
370	0.0	0.611696317497
371	0.0	0.611696317497
372	0.0	0.611696317497
373	0.0	0.611696317497
374	0.0	0.611696317497
375	0.0	0.611696317497
376	0.0	0.611696317497
377	0.0	0.611696317497
378	0.0	0.611696317497
379	0.0	0.611696317497
380	0.0	0.611696317497
381	0.0	0.611696317497
382	0.0	0.611696317497
383	0.0	0.611696317497
384	0.0	0.611696317497
385	0.0	0.611696317497
386	0.0	0.611696317497
387	0.0	0.611696317497
388	0.0	0.611696317497
389	0.0	0.611696317497
390	0.0	0.611696317497
391	0.0	0.611696317497
392	0.0	0.611696317497
393	0.0	0.611696317497
394	0.0	0.611696317497
395	0.0	0.611696317497
396	0.0	0.611696317497
397	0.0	0.611696317497
398	0.0	0.611696317497
399	0.0	0.611696317497
400	0.0	0.611696317497
401	0.0	0.611696317497
402	0.0	0.611696317497
403	0.0	0.611696317497
404	0.0	0.611696317497
405	0.0	0.611696317497
406	0.0	0.611696317497
407	0.0	0.611696317497
408	0.0	0.611696317497
409	0.0	0.611696317497
410	0.0	0.611696317497
411	0.0	0.611696317497
412	0.0	0.611696317497
413	0.0	0.611696317497
414	0.0	0.611696317497
415	0.0	0.611696317497
416	0.0	0.611696317497
417	0.0	0.611696317497
418	0.0	0.611696317497
419	0.0	0.611696317497
420	0.0	0.611696317497
421	0.0	0.611696317497
422	0.0	0.611696317497
423	0.0	0.611696317497
424	0.0	0.611696317497
425	0.0	0.611696317497
426	0.0	0.611696317497
427	0.0	0.611696317497
428	0.0	0.611696317497
429	0.0	0.611696317497
430	0.0	0.611696317497
431	0.0	0.611696317497
432	0.0	0.611696317497
433	0.0	0.611696317497
434	0.0	0.611696317497
435	0.0	0.611696317497
436	0.0	0.611696317497
437	0.0	0.611696317497
438	0.0	0.611696317497
439	0.0	0.611696317497
440	0.0	0.611696317497
441	0.0	0.611696317497
442	0.0	0.611696317497
443	0.0	0.611696317497
444	0.0	0.611696317497
445	0.0	0.611540169357
446	0.0	0.611387003811
447	0.0	0.611236796743
448	0.0	0.611089524221
449	0.0	0.610945162501
450	0.0	0.610803688014
451	0.0	0.610665077378
452	0.0	0.610529307384
453	0.0	0.610396355008
454	0.0	0.610266197397
455	0.0	0.610138811876
456	0.0	0.610014175946
457	0.0	0.609892267281
458	0.0	0.609773063722
459	0.0	0.609656543287
460	0.0	0.609542684161
461	0.0	0.609431464698
462	0.0	0.609322863417
463	0.0	0.609216859006
464	0.0	0.609113430316
465	0.0	0.609012556363
466	0.0	0.608914216323
467	0.0	0.608818389535
468	0.0	0.6087250555
469	0.0	0.608634193873
470	0.0	0.608545784471
471	0.0	0.608459807266
472	0.0	0.608376242385
