#Position	OddsRatio	P-value
6	37.6666666667	1.25403666488e-07
7	24.6640625	2.93348636818e-06
8	24.609375	2.97415407233e-06
9	16.8375	4.99124469611e-05
10	11.6666666667	0.000616032221619
11	7.98214285714	0.00561395494805
12	5.06818181818	0.0399530823656
13	2.90849673203	0.19010260029
14	1.26857142857	0.571911374439
15	0.0	1.0
16	0.0	1.0
17	0.0	1.0
18	0.0	1.0
19	0.0	1.0
20	0.0	1.0
21	0.0	1.0
22	0.0	1.0
23	0.0	1.0
24	0.0	1.0
25	0.0	1.0
26	1.26857142857	0.571911374439
27	1.26857142857	0.571911374439
28	1.26857142857	0.571911374439
29	1.26857142857	0.571911374439
30	1.26857142857	0.571911374439
31	1.26857142857	0.571911374439
32	1.26857142857	0.571911374439
33	1.26857142857	0.571911374439
34	1.26857142857	0.571911374439
35	1.26857142857	0.571911374439
36	1.26857142857	0.571911374439
37	0.0	1.0
38	0.0	1.0
39	0.0	1.0
40	0.0	1.0
41	0.0	1.0
42	0.0	1.0
43	0.0	1.0
44	0.0	1.0
45	1.26857142857	0.571911374439
46	1.26857142857	0.571911374439
47	1.26857142857	0.571911374439
48	1.26857142857	0.571911374439
49	1.26857142857	0.571911374439
50	1.26857142857	0.571911374439
51	1.26857142857	0.571911374439
52	2.90849673203	0.19010260029
53	2.90849673203	0.19010260029
54	2.90849673203	0.19010260029
55	2.90849673203	0.19010260029
56	1.26857142857	0.571911374439
57	1.26857142857	0.571911374439
58	1.26857142857	0.571911374439
59	1.26857142857	0.571911374439
60	1.26857142857	0.571911374439
61	1.26857142857	0.571911374439
62	1.26857142857	0.571911374439
63	0.0	1.0
64	0.0	1.0
65	1.26857142857	0.571911374439
66	1.26857142857	0.571911374439
67	1.26857142857	0.571911374439
68	1.26857142857	0.571911374439
69	1.26857142857	0.571911374439
70	1.26857142857	0.571911374439
71	1.26857142857	0.571911374439
72	1.26857142857	0.571911374439
73	1.26857142857	0.571911374439
74	1.26857142857	0.571911374439
75	1.26857142857	0.571911374439
76	1.26857142857	0.571911374439
77	2.90849673203	0.19010260029
78	5.06818181818	0.0399530823656
79	5.06818181818	0.0399530823656
80	5.06818181818	0.0399530823656
81	5.06818181818	0.0399530823656
82	5.06818181818	0.0399530823656
83	5.06818181818	0.0399530823656
84	7.98214285714	0.00561395494805
85	7.98214285714	0.00561395494805
86	7.98214285714	0.00561395494805
87	5.06818181818	0.0399530823656
88	2.90849673203	0.19010260029
89	1.26857142857	0.571911374439
90	1.26857142857	0.571911374439
91	2.90849673203	0.19010260029
92	2.90849673203	0.19010260029
93	2.90849673203	0.19010260029
94	2.90849673203	0.19010260029
95	1.26857142857	0.571911374439
96	2.90849673203	0.19010260029
97	2.90849673203	0.19010260029
98	2.90849673203	0.19010260029
99	2.90849673203	0.19010260029
100	2.90849673203	0.19010260029
101	2.90849673203	0.19010260029
102	1.26857142857	0.571911374439
103	1.26857142857	0.571911374439
104	1.26857142857	0.571911374439
105	1.26857142857	0.571911374439
106	1.26857142857	0.571911374439
107	0.0	1.0
108	0.0	1.0
109	0.0	1.0
110	0.0	1.0
111	0.0	1.0
112	0.0	1.0
113	0.0	1.0
114	0.0	1.0
115	0.0	1.0
116	0.0	1.0
117	0.0	1.0
118	0.0	1.0
119	0.0	1.0
120	0.0	1.0
121	0.0	1.0
122	0.0	1.0
123	1.26857142857	0.571911374439
124	1.26857142857	0.571911374439
125	1.26857142857	0.571911374439
126	1.26857142857	0.571911374439
127	1.26857142857	0.571911374439
128	1.26857142857	0.571911374439
129	1.26857142857	0.571911374439
130	1.26857142857	0.571911374439
131	1.26857142857	0.571911374439
132	1.26857142857	0.571911374439
133	1.26857142857	0.571911374439
134	0.0	1.0
135	0.0	1.0
136	0.0	1.0
137	0.0	1.0
138	0.0	1.0
139	0.0	1.0
140	0.0	1.0
141	0.0	1.0
142	0.0	1.0
143	0.0	1.0
144	0.0	1.0
145	0.0	1.0
146	1.26857142857	0.571911374439
147	1.26857142857	0.571911374439
148	1.26857142857	0.571911374439
149	1.26857142857	0.571911374439
150	1.26857142857	0.571911374439
151	1.26857142857	0.571911374439
152	1.26857142857	0.571911374439
153	1.26857142857	0.571911374439
154	1.26857142857	0.571911374439
155	1.26857142857	0.571911374439
156	1.26857142857	0.571911374439
157	0.0	1.0
158	0.0	1.0
159	0.0	1.0
160	0.0	1.0
161	0.0	1.0
162	0.0	1.0
163	0.0	1.0
164	0.0	1.0
165	0.0	1.0
166	0.0	1.0
167	0.0	1.0
168	0.0	1.0
169	0.0	1.0
170	0.0	1.0
171	0.0	1.0
172	0.0	1.0
173	0.0	1.0
174	0.0	1.0
175	0.0	1.0
176	0.0	1.0
177	0.0	1.0
178	0.0	1.0
179	0.0	1.0
180	1.26857142857	0.571911374439
181	1.26857142857	0.571911374439
182	1.26857142857	0.571911374439
183	1.26857142857	0.571911374439
184	1.26857142857	0.571911374439
185	1.26857142857	0.571911374439
186	1.26857142857	0.571911374439
187	1.26857142857	0.571911374439
188	1.26857142857	0.571911374439
189	1.26857142857	0.571911374439
190	1.26857142857	0.571911374439
191	0.0	1.0
192	1.26857142857	0.571911374439
193	1.26857142857	0.571911374439
194	1.26857142857	0.571911374439
195	1.26857142857	0.571911374439
196	1.26857142857	0.571911374439
197	1.26857142857	0.571911374439
198	1.26857142857	0.571911374439
199	2.90849673203	0.19010260029
200	2.90849673203	0.19010260029
201	2.90849673203	0.19010260029
202	2.90849673203	0.19010260029
203	1.26857142857	0.571911374439
204	1.26857142857	0.571911374439
205	1.26857142857	0.571911374439
206	1.26857142857	0.571911374439
207	1.26857142857	0.571911374439
208	1.26857142857	0.571911374439
209	1.26857142857	0.571911374439
210	1.26857142857	0.571911374439
211	1.26857142857	0.571911374439
212	1.26857142857	0.571911374439
213	1.26857142857	0.571911374439
214	1.26857142857	0.571911374439
215	1.26857142857	0.571911374439
216	1.26857142857	0.571911374439
217	1.26857142857	0.571911374439
218	1.26857142857	0.571911374439
219	2.90849673203	0.19010260029
220	2.90849673203	0.19010260029
221	1.26857142857	0.571911374439
222	1.26857142857	0.571911374439
223	2.90849673203	0.19010260029
224	2.90849673203	0.19010260029
225	2.90849673203	0.19010260029
226	5.06818181818	0.0399530823656
227	5.06818181818	0.0399530823656
228	5.06818181818	0.0399530823656
229	5.06818181818	0.0399530823656
230	2.90849673203	0.19010260029
231	2.90849673203	0.19010260029
232	2.90849673203	0.19010260029
233	2.90849673203	0.19010260029
234	1.26857142857	0.571911374439
235	1.26857142857	0.571911374439
236	1.26857142857	0.571911374439
237	0.0	1.0
238	1.26857142857	0.571911374439
239	1.26857142857	0.571911374439
240	1.26857142857	0.571911374439
241	1.26857142857	0.571911374439
242	2.90849673203	0.19010260029
243	2.90849673203	0.19010260029
244	2.90849673203	0.19010260029
245	2.90849673203	0.19010260029
246	2.90849673203	0.19010260029
247	2.90849673203	0.19010260029
248	2.90849673203	0.19010260029
249	1.26857142857	0.571911374439
250	1.26857142857	0.571911374439
251	1.26857142857	0.571911374439
252	1.26857142857	0.571911374439
253	0.0	1.0
254	0.0	1.0
255	0.0	1.0
256	0.0	1.0
257	0.0	1.0
258	0.0	1.0
259	0.0	1.0
260	0.0	1.0
261	0.0	1.0
262	0.0	1.0
263	0.0	1.0
264	0.0	1.0
265	0.0	1.0
266	0.0	1.0
267	0.0	1.0
268	0.0	1.0
269	0.0	1.0
270	1.26857142857	0.571911374439
271	1.26857142857	0.571911374439
272	1.26857142857	0.571911374439
273	1.26857142857	0.571911374439
274	1.26857142857	0.571911374439
275	1.26857142857	0.571911374439
276	1.26857142857	0.571911374439
277	1.26857142857	0.571911374439
278	1.26857142857	0.571911374439
279	1.26857142857	0.571911374439
280	1.26857142857	0.571911374439
281	0.0	1.0
282	0.0	1.0
283	0.0	1.0
284	0.0	1.0
285	0.0	1.0
286	0.0	1.0
287	0.0	1.0
288	0.0	1.0
289	0.0	1.0
290	0.0	1.0
291	0.0	1.0
292	0.0	1.0
293	0.0	1.0
294	0.0	1.0
295	0.0	1.0
296	0.0	1.0
297	0.0	1.0
298	0.0	1.0
299	0.0	1.0
300	0.0	1.0
301	0.0	1.0
302	0.0	1.0
303	0.0	1.0
304	0.0	1.0
305	0.0	1.0
306	0.0	1.0
307	0.0	1.0
308	0.0	1.0
309	0.0	1.0
310	0.0	1.0
311	0.0	1.0
312	0.0	1.0
313	0.0	1.0
314	0.0	1.0
315	0.0	1.0
316	0.0	1.0
317	0.0	1.0
318	0.0	1.0
319	0.0	1.0
320	0.0	1.0
321	0.0	1.0
322	0.0	1.0
323	0.0	1.0
324	0.0	1.0
325	1.26857142857	0.571911374439
326	2.90849673203	0.19010260029
327	2.90849673203	0.19010260029
328	2.90849673203	0.19010260029
329	2.90849673203	0.19010260029
330	2.90849673203	0.19010260029
331	2.90849673203	0.19010260029
332	2.90849673203	0.19010260029
333	2.90849673203	0.19010260029
334	2.90849673203	0.19010260029
335	2.90849673203	0.19010260029
336	1.26857142857	0.571911374439
337	0.0	1.0
338	0.0	1.0
339	0.0	1.0
340	0.0	1.0
341	0.0	1.0
342	0.0	1.0
343	0.0	1.0
344	0.0	1.0
345	0.0	1.0
346	0.0	1.0
347	0.0	1.0
348	0.0	1.0
349	1.26857142857	0.571911374439
350	1.26857142857	0.571911374439
351	2.90849673203	0.19010260029
352	2.90849673203	0.19010260029
353	5.06818181818	0.0399530823656
354	5.06818181818	0.0399530823656
355	7.98214285714	0.00561395494805
356	7.98214285714	0.00561395494805
357	7.98214285714	0.00561395494805
358	7.98214285714	0.00561395494805
359	7.98214285714	0.00561395494805
360	5.06818181818	0.0399530823656
361	5.06818181818	0.0399530823656
362	2.90849673203	0.19010260029
363	2.90849673203	0.19010260029
364	1.26857142857	0.571911374439
365	1.26857142857	0.571911374439
366	0.0	1.0
367	0.0	1.0
368	0.0	1.0
369	0.0	1.0
370	0.0	1.0
371	0.0	1.0
372	0.0	1.0
373	0.0	1.0
374	0.0	1.0
375	0.0	1.0
376	0.0	1.0
377	0.0	1.0
378	0.0	1.0
379	0.0	1.0
380	0.0	1.0
381	0.0	1.0
382	0.0	1.0
383	0.0	1.0
384	0.0	1.0
385	0.0	1.0
386	0.0	1.0
387	0.0	1.0
388	0.0	1.0
389	0.0	1.0
390	0.0	1.0
391	0.0	1.0
392	0.0	1.0
393	0.0	1.0
394	0.0	1.0
395	0.0	1.0
396	0.0	1.0
397	0.0	1.0
398	0.0	1.0
399	0.0	1.0
400	0.0	1.0
401	0.0	1.0
402	0.0	1.0
403	0.0	1.0
404	0.0	1.0
405	0.0	1.0
406	0.0	1.0
407	0.0	1.0
408	0.0	1.0
409	0.0	1.0
410	0.0	1.0
411	0.0	1.0
412	0.0	1.0
413	0.0	1.0
414	0.0	1.0
415	0.0	1.0
416	0.0	1.0
417	0.0	1.0
418	0.0	1.0
419	0.0	1.0
420	0.0	1.0
421	0.0	1.0
422	0.0	1.0
423	0.0	1.0
424	0.0	1.0
425	0.0	1.0
426	0.0	1.0
427	0.0	1.0
428	0.0	1.0
429	0.0	1.0
430	0.0	1.0
431	0.0	1.0
432	0.0	1.0
433	0.0	1.0
434	0.0	1.0
435	0.0	1.0
436	0.0	1.0
437	0.0	1.0
438	0.0	1.0
439	0.0	1.0
440	0.0	1.0
441	0.0	1.0
442	0.0	1.0
443	1.26857142857	0.571911374439
444	1.26857142857	0.571911374439
445	1.26857142857	0.571911374439
446	1.26857142857	0.571911374439
447	1.26857142857	0.571911374439
448	1.26857142857	0.571911374439
449	1.26857142857	0.571911374439
450	1.26857142857	0.571911374439
451	1.26857142857	0.571911374439
452	1.26857142857	0.571911374439
453	1.26857142857	0.571911374439
454	0.0	1.0
455	0.0	1.0
456	0.0	1.0
457	0.0	1.0
458	0.0	1.0
459	0.0	1.0
460	0.0	1.0
461	0.0	1.0
462	0.0	1.0
463	1.26857142857	0.571911374439
464	1.26857142857	0.571911374439
465	2.90849673203	0.19010260029
466	2.90849673203	0.19010260029
467	2.90849673203	0.19010260029
468	2.90849673203	0.19010260029
469	2.90849673203	0.19010260029
470	2.90849673203	0.19010260029
471	2.90849673203	0.19010260029
472	2.90849673203	0.19010260029
473	2.90849673203	0.19010260029
474	1.26857142857	0.571911374439
475	1.26857142857	0.571911374439
476	0.0	1.0
477	0.0	1.0
478	0.0	1.0
479	0.0	1.0
480	0.0	1.0
481	0.0	1.0
482	0.0	1.0
483	0.0	1.0
484	0.0	1.0
485	0.0	1.0
486	0.0	1.0
487	0.0	1.0
488	1.26857142857	0.571911374439
489	1.26857142857	0.571911374439
490	1.26857142857	0.571911374439
491	1.27142857143	0.571133759828
492	1.27428571429	0.570358063147
493	1.27714285714	0.569584278563
494	2.84444444444	0.195995174261
495	2.85079365079	0.195373139748
