#Position	OddsRatio	P-value
13	21.380952381	2.21237691605e-08
14	18.0	2.74751295831e-07
15	17.9598214286	2.79663982446e-07
16	17.9196428571	2.84674396637e-07
17	14.9579831933	3.11056939514e-06
18	12.3333333333	2.98393994374e-05
19	9.99248120301	0.000248918026931
20	9.96992481203	0.000251788979136
21	9.94736842105	0.000254698553772
22	7.85714285714	0.00181460880347
23	7.83928571429	0.00183175595611
24	7.82142857143	0.00184909723648
25	5.94557823129	0.0110289703659
26	5.94557823129	0.0110289703659
27	3.96363636364	0.0618938128418
28	3.96363636364	0.0618938128418
29	2.36413043478	0.242685155121
30	1.0637254902	1.0
31	1.0637254902	1.0
32	1.0637254902	1.0
33	1.0637254902	1.0
34	1.0637254902	1.0
35	0.0	0.614489049552
36	0.0	0.614489049552
37	0.0	0.614489049552
38	0.0	0.614489049552
39	0.0	0.614489049552
40	0.0	0.614489049552
41	0.0	0.614489049552
42	0.0	0.614489049552
43	0.0	0.614489049552
44	0.0	0.614489049552
45	0.0	0.614489049552
46	0.0	0.614489049552
47	0.0	0.614489049552
48	0.0	0.614489049552
49	0.0	0.614489049552
50	0.0	0.614489049552
51	0.0	0.614489049552
52	0.0	0.614489049552
53	0.0	0.614489049552
54	0.0	0.614489049552
55	0.0	0.614489049552
56	0.0	0.614489049552
57	0.0	0.614489049552
58	0.0	0.614489049552
59	0.0	0.614489049552
60	1.0637254902	1.0
61	1.0637254902	1.0
62	1.0637254902	1.0
63	1.0637254902	1.0
64	1.0637254902	1.0
65	1.0637254902	1.0
66	1.0637254902	1.0
67	1.0637254902	1.0
68	1.0637254902	1.0
69	1.0637254902	1.0
70	1.0637254902	1.0
71	1.0637254902	1.0
72	1.0637254902	1.0
73	1.0637254902	1.0
74	1.0637254902	1.0
75	1.0637254902	1.0
76	1.0637254902	1.0
77	1.0637254902	1.0
78	1.0637254902	1.0
79	1.0637254902	1.0
80	1.0637254902	1.0
81	1.0637254902	1.0
82	1.0637254902	1.0
83	1.0637254902	1.0
84	1.0637254902	1.0
85	0.0	0.614489049552
86	0.0	0.614489049552
87	0.0	0.614489049552
88	0.0	0.614489049552
89	0.0	0.614489049552
90	0.0	0.614489049552
91	0.0	0.614489049552
92	0.0	0.614489049552
93	0.0	0.614489049552
94	0.0	0.614489049552
95	0.0	0.614489049552
96	0.0	0.614489049552
97	0.0	0.614489049552
98	0.0	0.614489049552
99	0.0	0.614489049552
100	0.0	0.614489049552
101	1.0637254902	1.0
102	1.0637254902	1.0
103	1.0637254902	1.0
104	1.0637254902	1.0
105	1.0637254902	1.0
106	1.0637254902	1.0
107	1.0637254902	1.0
108	1.0637254902	1.0
109	1.0637254902	1.0
110	1.0637254902	1.0
111	1.0637254902	1.0
112	1.0637254902	1.0
113	1.0637254902	1.0
114	1.0637254902	1.0
115	1.0637254902	1.0
116	1.0637254902	1.0
117	1.0637254902	1.0
118	1.0637254902	1.0
119	1.0637254902	1.0
120	2.36413043478	0.242685155121
121	2.36413043478	0.242685155121
122	2.36413043478	0.242685155121
123	2.36413043478	0.242685155121
124	2.36413043478	0.242685155121
125	2.36413043478	0.242685155121
126	1.0637254902	1.0
127	1.0637254902	1.0
128	1.0637254902	1.0
129	1.0637254902	1.0
130	1.0637254902	1.0
131	2.36413043478	0.242685155121
132	2.36413043478	0.242685155121
133	2.36413043478	0.242685155121
134	2.36413043478	0.242685155121
135	2.36413043478	0.242685155121
136	2.36413043478	0.242685155121
137	2.36413043478	0.242685155121
138	2.36413043478	0.242685155121
139	2.36413043478	0.242685155121
140	2.36413043478	0.242685155121
141	2.36413043478	0.242685155121
142	2.36413043478	0.242685155121
143	2.36413043478	0.242685155121
144	2.36413043478	0.242685155121
145	1.0637254902	1.0
146	1.0637254902	1.0
147	1.0637254902	1.0
148	1.0637254902	1.0
149	1.0637254902	1.0
150	1.0637254902	1.0
151	1.0637254902	1.0
152	1.0637254902	1.0
153	1.0637254902	1.0
154	1.0637254902	1.0
155	1.0637254902	1.0
156	0.0	0.614489049552
157	0.0	0.614489049552
158	0.0	0.614489049552
159	0.0	0.614489049552
160	0.0	0.614489049552
161	0.0	0.614489049552
162	0.0	0.614489049552
163	0.0	0.614489049552
164	0.0	0.614489049552
165	0.0	0.614489049552
166	0.0	0.614489049552
167	0.0	0.614489049552
168	0.0	0.614489049552
169	0.0	0.614489049552
170	0.0	0.614489049552
171	0.0	0.614489049552
172	0.0	0.614489049552
173	0.0	0.614489049552
174	0.0	0.614489049552
175	0.0	0.614489049552
176	0.0	0.614489049552
177	0.0	0.614489049552
178	0.0	0.614489049552
179	1.0637254902	1.0
180	1.0637254902	1.0
181	1.0637254902	1.0
182	2.36413043478	0.242685155121
183	2.36413043478	0.242685155121
184	2.36413043478	0.242685155121
185	2.36413043478	0.242685155121
186	2.36413043478	0.242685155121
187	2.36413043478	0.242685155121
188	2.36413043478	0.242685155121
189	2.36413043478	0.242685155121
190	3.96363636364	0.0618938128418
191	3.96363636364	0.0618938128418
192	3.96363636364	0.0618938128418
193	3.96363636364	0.0618938128418
194	3.96363636364	0.0618938128418
195	3.96363636364	0.0618938128418
196	3.96363636364	0.0618938128418
197	5.94557823129	0.0110289703659
198	5.94557823129	0.0110289703659
199	5.94557823129	0.0110289703659
200	5.94557823129	0.0110289703659
201	5.94557823129	0.0110289703659
202	5.94557823129	0.0110289703659
203	5.94557823129	0.0110289703659
204	3.96363636364	0.0618938128418
205	3.96363636364	0.0618938128418
206	3.96363636364	0.0618938128418
207	2.36413043478	0.242685155121
208	2.36413043478	0.242685155121
209	2.36413043478	0.242685155121
210	2.36413043478	0.242685155121
211	2.36413043478	0.242685155121
212	2.36413043478	0.242685155121
213	2.36413043478	0.242685155121
214	2.36413043478	0.242685155121
215	1.0637254902	1.0
216	1.0637254902	1.0
217	1.0637254902	1.0
218	1.0637254902	1.0
219	1.0637254902	1.0
220	1.0637254902	1.0
221	1.0637254902	1.0
222	0.0	0.614489049552
223	0.0	0.614489049552
224	0.0	0.614489049552
225	0.0	0.614489049552
226	0.0	0.614489049552
227	0.0	0.614489049552
228	0.0	0.614489049552
229	0.0	0.614489049552
230	0.0	0.614489049552
231	0.0	0.614489049552
232	0.0	0.614489049552
233	0.0	0.614489049552
234	0.0	0.614489049552
235	0.0	0.614489049552
236	0.0	0.614489049552
237	0.0	0.614489049552
238	0.0	0.614489049552
239	0.0	0.614489049552
240	1.0637254902	1.0
241	1.0637254902	1.0
242	1.0637254902	1.0
243	1.0637254902	1.0
244	1.0637254902	1.0
245	1.0637254902	1.0
246	1.0637254902	1.0
247	1.0637254902	1.0
248	2.36413043478	0.242685155121
249	2.36413043478	0.242685155121
250	2.36413043478	0.242685155121
251	2.36413043478	0.242685155121
252	2.36413043478	0.242685155121
253	2.36413043478	0.242685155121
254	2.36413043478	0.242685155121
255	2.36413043478	0.242685155121
256	2.36413043478	0.242685155121
257	2.36413043478	0.242685155121
258	3.96363636364	0.0618938128418
259	3.96363636364	0.0618938128418
260	3.96363636364	0.0618938128418
261	3.96363636364	0.0618938128418
262	3.96363636364	0.0618938128418
263	3.96363636364	0.0618938128418
264	3.96363636364	0.0618938128418
265	2.36413043478	0.242685155121
266	2.36413043478	0.242685155121
267	2.36413043478	0.242685155121
268	2.36413043478	0.242685155121
269	2.36413043478	0.242685155121
270	2.36413043478	0.242685155121
271	2.36413043478	0.242685155121
272	2.36413043478	0.242685155121
273	1.0637254902	1.0
274	2.36413043478	0.242685155121
275	2.36413043478	0.242685155121
276	2.36413043478	0.242685155121
277	2.36413043478	0.242685155121
278	2.36413043478	0.242685155121
279	2.36413043478	0.242685155121
280	2.36413043478	0.242685155121
281	2.36413043478	0.242685155121
282	2.36413043478	0.242685155121
283	1.0637254902	1.0
284	1.0637254902	1.0
285	1.0637254902	1.0
286	1.0637254902	1.0
287	1.0637254902	1.0
288	1.0637254902	1.0
289	1.0637254902	1.0
290	2.36413043478	0.242685155121
291	2.36413043478	0.242685155121
292	2.36413043478	0.242685155121
293	2.36413043478	0.242685155121
294	2.36413043478	0.242685155121
295	2.36413043478	0.242685155121
296	2.36413043478	0.242685155121
297	2.36413043478	0.242685155121
298	2.36413043478	0.242685155121
299	1.0637254902	1.0
300	1.0637254902	1.0
301	1.0637254902	1.0
302	1.0637254902	1.0
303	1.0637254902	1.0
304	1.0637254902	1.0
305	1.0637254902	1.0
306	1.0637254902	1.0
307	1.0637254902	1.0
308	1.0637254902	1.0
309	1.0637254902	1.0
310	1.0637254902	1.0
311	1.0637254902	1.0
312	1.0637254902	1.0
313	1.0637254902	1.0
314	1.0637254902	1.0
315	0.0	0.614489049552
316	0.0	0.614489049552
317	0.0	0.614489049552
318	0.0	0.614489049552
319	0.0	0.614489049552
320	0.0	0.614489049552
321	0.0	0.614489049552
322	0.0	0.614489049552
323	0.0	0.614489049552
324	0.0	0.614489049552
325	0.0	0.614489049552
326	0.0	0.614489049552
327	0.0	0.614489049552
328	0.0	0.614489049552
329	0.0	0.614489049552
330	0.0	0.614489049552
331	0.0	0.614489049552
332	0.0	0.614489049552
333	0.0	0.614489049552
334	0.0	0.614489049552
335	0.0	0.614489049552
336	0.0	0.614489049552
337	0.0	0.614489049552
338	1.0637254902	1.0
339	1.0637254902	1.0
340	1.0637254902	1.0
341	1.0637254902	1.0
342	1.0637254902	1.0
343	1.0637254902	1.0
344	1.0637254902	1.0
345	1.0637254902	1.0
346	1.0637254902	1.0
347	1.0637254902	1.0
348	1.0637254902	1.0
349	1.0637254902	1.0
350	1.0637254902	1.0
351	1.0637254902	1.0
352	1.0637254902	1.0
353	1.0637254902	1.0
354	1.0637254902	1.0
355	1.0637254902	1.0
356	1.0637254902	1.0
357	1.0637254902	1.0
358	1.0637254902	1.0
359	1.0637254902	1.0
360	1.0637254902	1.0
361	1.0637254902	1.0
362	1.0637254902	1.0
363	0.0	0.614489049552
364	0.0	0.614489049552
365	0.0	0.614489049552
366	0.0	0.614489049552
367	0.0	0.614489049552
368	0.0	0.614489049552
369	0.0	0.614489049552
370	0.0	0.614489049552
371	0.0	0.614489049552
372	0.0	0.614489049552
373	0.0	0.614489049552
374	0.0	0.614489049552
375	0.0	0.614489049552
376	0.0	0.614489049552
377	0.0	0.614489049552
378	0.0	0.614489049552
379	0.0	0.614489049552
380	0.0	0.614489049552
381	0.0	0.614489049552
382	0.0	0.614489049552
383	0.0	0.614489049552
384	0.0	0.614489049552
385	0.0	0.614489049552
386	0.0	0.614489049552
387	0.0	0.614489049552
388	0.0	0.614489049552
389	0.0	0.614489049552
390	0.0	0.614489049552
391	0.0	0.614489049552
392	0.0	0.614489049552
393	0.0	0.614489049552
394	0.0	0.614489049552
395	0.0	0.614489049552
396	0.0	0.614489049552
397	0.0	0.614489049552
398	0.0	0.614489049552
399	0.0	0.614489049552
400	0.0	0.614489049552
401	0.0	0.614489049552
402	0.0	0.614489049552
403	0.0	0.614489049552
404	0.0	0.614489049552
405	0.0	0.614489049552
406	0.0	0.614489049552
407	0.0	0.614489049552
408	0.0	0.614489049552
409	0.0	0.614489049552
410	0.0	0.614489049552
411	0.0	0.614489049552
412	0.0	0.614489049552
413	0.0	0.614489049552
414	0.0	0.614489049552
415	0.0	0.614489049552
416	0.0	0.614489049552
417	0.0	0.614489049552
418	0.0	0.614489049552
419	0.0	0.614489049552
420	0.0	0.614489049552
421	0.0	0.614489049552
422	0.0	0.614489049552
423	0.0	0.614489049552
424	0.0	0.614489049552
425	0.0	0.614489049552
426	0.0	0.614489049552
427	0.0	0.614489049552
428	0.0	0.614489049552
429	0.0	0.614489049552
430	0.0	0.614489049552
431	0.0	0.614489049552
432	0.0	0.614489049552
433	0.0	0.614489049552
434	0.0	0.614489049552
435	0.0	0.614489049552
436	0.0	0.614489049552
437	0.0	0.614489049552
438	0.0	0.614489049552
439	0.0	0.614489049552
440	0.0	0.614489049552
441	0.0	0.614489049552
442	0.0	0.614489049552
443	0.0	0.614489049552
444	0.0	0.614489049552
445	0.0	0.614489049552
446	0.0	0.614489049552
447	0.0	0.614489049552
448	0.0	0.614489049552
449	0.0	0.614489049552
450	0.0	0.614489049552
451	0.0	0.614489049552
452	0.0	0.614489049552
453	0.0	0.614489049552
454	0.0	0.614489049552
455	0.0	0.614489049552
456	0.0	0.614489049552
457	0.0	0.614489049552
458	0.0	0.614489049552
459	0.0	0.614489049552
460	0.0	0.614489049552
461	0.0	0.614489049552
462	0.0	0.614489049552
463	0.0	0.614489049552
464	0.0	0.614489049552
465	0.0	0.614489049552
466	0.0	0.614489049552
467	0.0	0.614489049552
468	0.0	0.614489049552
469	0.0	0.614489049552
470	0.0	0.614489049552
471	0.0	0.614489049552
472	0.0	0.614489049552
473	0.0	0.614489049552
474	0.0	0.614489049552
475	0.0	0.614489049552
476	0.0	0.614489049552
477	0.0	0.614539213632
478	0.0	0.614591001001
479	0.0	0.614644396284
480	0.0	0.614699384242
481	0.0	0.614755949764
482	0.0	0.614814077874
483	0.0	0.614873753725
484	0.0	0.614934962602
485	0.0	0.614997689912
486	0.0	0.615061921195
487	0.0	0.615127642114
488	0.0	0.615194838456
