#Position	OddsRatio	P-value
38	18.5098039216	4.03379759978e-24
39	19.0707070707	1.99261460885e-24
40	20.8485576923	1.13016446124e-25
41	21.5210918114	5.32424863795e-26
42	23.6	2.68745943543e-27
43	22.1756410256	2.74108901453e-26
44	20.8592592593	2.66572765469e-25
45	19.6392857143	2.47460471955e-24
46	20.3165024631	1.15192853008e-24
47	20.2586206897	1.27756531852e-24
48	20.2007389163	1.41722313818e-24
49	19.0344827586	1.26790540888e-23
50	17.9482758621	1.08501446032e-22
51	18.5892857143	5.09023834504e-23
52	19.2777777778	2.33831820074e-23
53	18.1887694146	1.97010022231e-22
54	17.1701388889	1.59078244732e-21
55	16.2154882155	1.23185541663e-20
56	15.3191721133	9.15357996193e-20
57	14.4761904762	6.53023868148e-19
58	14.4338624339	7.12952597188e-19
59	14.3915343915	7.7852736369e-19
60	13.6018518519	5.30856762589e-18
61	12.8568568569	3.47810843677e-17
62	12.1530214425	2.19032562109e-16
63	12.1169590643	2.3745455357e-16
64	12.0808966862	2.57469855557e-16
65	11.4188034188	1.55110255597e-15
66	11.3846153846	1.67793848195e-15
67	10.7592592593	9.69595710694e-15
68	10.1662149955	5.38822844606e-14
69	9.60317460317	2.87985080614e-13
70	9.06804478898	1.48034480769e-12
71	8.55892255892	7.31806936387e-12
72	8.07407407407	3.47867190942e-11
73	7.61191626409	1.5897392886e-10
74	7.17100078802	6.98255241225e-10
75	6.75	2.94662728315e-09
76	6.75	2.94662728315e-09
77	6.12099125364	1.9098076801e-08
78	5.55172413793	1.12642816836e-07
79	5.03529411765	6.04822658199e-07
80	5.03529411765	6.04822658199e-07
81	4.56575682382	2.95702706134e-06
82	4.13797169811	1.31647065467e-05
83	4.13797169811	1.31647065467e-05
84	3.74747474747	6.63805685761e-05
85	4.13797169811	1.31647065467e-05
86	3.74747474747	6.63805685761e-05
87	3.74747474747	6.63805685761e-05
88	3.74747474747	6.63805685761e-05
89	3.39037433155	0.000209941906592
90	3.39037433155	0.000209941906592
91	3.39037433155	0.000209941906592
92	3.06326530612	0.000851203966346
93	2.76315789474	0.00337004243148
94	2.48741845294	0.00695998377212
95	2.48741845294	0.00695998377212
96	2.48741845294	0.00695998377212
97	2.23371989295	0.0204003791905
98	2.23371989295	0.0204003791905
99	2.0	0.0536161660304
100	1.78442622951	0.123786225138
101	1.78442622951	0.123786225138
102	1.78442622951	0.123786225138
103	1.78442622951	0.123786225138
104	1.78442622951	0.123786225138
105	2.0	0.0536161660304
106	2.23371989295	0.0204003791905
107	2.23371989295	0.0204003791905
108	2.0	0.0536161660304
109	2.0	0.0536161660304
110	1.78442622951	0.123786225138
111	1.78442622951	0.123786225138
112	1.58536585366	0.18388251784
113	1.40136054422	0.34160494964
114	1.23110465116	0.567952310554
115	1.07342657343	0.848987297954
116	0.927272727273	1.0
117	0.791693705386	0.702893576432
118	0.791693705386	0.702893576432
119	0.791693705386	0.702893576432
120	0.791693705386	0.702893576432
121	0.791693705386	0.702893576432
122	0.791693705386	0.702893576432
123	0.791693705386	0.702893576432
124	0.791693705386	0.702893576432
125	0.791693705386	0.702893576432
126	0.665832290363	0.444626441736
127	0.548913043478	0.250075070733
128	0.548913043478	0.250075070733
129	0.548913043478	0.250075070733
130	0.548913043478	0.250075070733
131	0.548913043478	0.250075070733
132	0.548913043478	0.250075070733
133	0.548913043478	0.250075070733
134	0.548913043478	0.250075070733
135	0.548913043478	0.250075070733
136	0.665832290363	0.444626441736
137	0.665832290363	0.444626441736
138	0.665832290363	0.444626441736
139	0.665832290363	0.444626441736
140	0.665832290363	0.444626441736
141	0.665832290363	0.444626441736
142	0.665832290363	0.444626441736
143	0.665832290363	0.444626441736
144	0.665832290363	0.444626441736
145	0.665832290363	0.444626441736
146	0.665832290363	0.444626441736
147	0.665832290363	0.444626441736
148	0.665832290363	0.444626441736
149	0.665832290363	0.444626441736
150	0.665832290363	0.444626441736
151	0.665832290363	0.444626441736
152	0.665832290363	0.444626441736
153	0.665832290363	0.444626441736
154	0.665832290363	0.444626441736
155	0.665832290363	0.444626441736
156	0.791693705386	0.702893576432
157	0.791693705386	0.702893576432
158	0.791693705386	0.702893576432
159	0.791693705386	0.702893576432
160	0.665832290363	0.444626441736
161	0.665832290363	0.444626441736
162	0.665832290363	0.444626441736
163	0.665832290363	0.444626441736
164	0.665832290363	0.444626441736
165	0.665832290363	0.444626441736
166	0.665832290363	0.444626441736
167	0.665832290363	0.444626441736
168	0.665832290363	0.444626441736
169	0.665832290363	0.444626441736
170	0.665832290363	0.444626441736
171	0.665832290363	0.444626441736
172	0.665832290363	0.444626441736
173	0.665832290363	0.444626441736
174	0.665832290363	0.444626441736
175	0.665832290363	0.444626441736
176	0.665832290363	0.444626441736
177	0.665832290363	0.444626441736
178	0.548913043478	0.250075070733
179	0.548913043478	0.250075070733
180	0.440233236152	0.123786225138
181	0.339154929577	0.0353234254148
182	0.339154929577	0.0353234254148
183	0.339154929577	0.0353234254148
184	0.339154929577	0.0353234254148
185	0.339154929577	0.0353234254148
186	0.339154929577	0.0353234254148
187	0.339154929577	0.0353234254148
188	0.339154929577	0.0353234254148
189	0.339154929577	0.0353234254148
190	0.339154929577	0.0353234254148
191	0.339154929577	0.0353234254148
192	0.440233236152	0.123786225138
193	0.440233236152	0.123786225138
194	0.440233236152	0.123786225138
195	0.440233236152	0.123786225138
196	0.339154929577	0.0353234254148
197	0.339154929577	0.0353234254148
198	0.339154929577	0.0353234254148
199	0.339154929577	0.0353234254148
200	0.339154929577	0.0353234254148
201	0.339154929577	0.0353234254148
202	0.440233236152	0.123786225138
203	0.440233236152	0.123786225138
204	0.440233236152	0.123786225138
205	0.440233236152	0.123786225138
206	0.440233236152	0.123786225138
207	0.440233236152	0.123786225138
208	0.440233236152	0.123786225138
209	0.440233236152	0.123786225138
210	0.440233236152	0.123786225138
211	0.339154929577	0.0353234254148
212	0.339154929577	0.0353234254148
213	0.339154929577	0.0353234254148
214	0.339154929577	0.0353234254148
215	0.339154929577	0.0353234254148
216	0.339154929577	0.0353234254148
217	0.339154929577	0.0353234254148
218	0.339154929577	0.0353234254148
219	0.339154929577	0.0353234254148
220	0.339154929577	0.0353234254148
221	0.339154929577	0.0353234254148
222	0.339154929577	0.0353234254148
223	0.339154929577	0.0353234254148
224	0.339154929577	0.0353234254148
225	0.339154929577	0.0353234254148
226	0.339154929577	0.0353234254148
227	0.339154929577	0.0353234254148
228	0.339154929577	0.0353234254148
229	0.339154929577	0.0353234254148
230	0.339154929577	0.0353234254148
231	0.245098039216	0.0118530523054
232	0.245098039216	0.0118530523054
233	0.245098039216	0.0118530523054
234	0.245098039216	0.0118530523054
235	0.245098039216	0.0118530523054
236	0.245098039216	0.0118530523054
237	0.245098039216	0.0118530523054
238	0.339154929577	0.0353234254148
239	0.339154929577	0.0353234254148
240	0.339154929577	0.0353234254148
241	0.339154929577	0.0353234254148
242	0.440233236152	0.123786225138
243	0.440233236152	0.123786225138
244	0.440233236152	0.123786225138
245	0.440233236152	0.123786225138
246	0.440233236152	0.123786225138
247	0.440233236152	0.123786225138
248	0.440233236152	0.123786225138
249	0.440233236152	0.123786225138
250	0.440233236152	0.123786225138
251	0.440233236152	0.123786225138
252	0.440233236152	0.123786225138
253	0.440233236152	0.123786225138
254	0.440233236152	0.123786225138
255	0.440233236152	0.123786225138
256	0.440233236152	0.123786225138
257	0.440233236152	0.123786225138
258	0.440233236152	0.123786225138
259	0.339154929577	0.0353234254148
260	0.339154929577	0.0353234254148
261	0.339154929577	0.0353234254148
262	0.339154929577	0.0353234254148
263	0.339154929577	0.0353234254148
264	0.339154929577	0.0353234254148
265	0.339154929577	0.0353234254148
266	0.339154929577	0.0353234254148
267	0.245098039216	0.0118530523054
268	0.245098039216	0.0118530523054
269	0.245098039216	0.0118530523054
270	0.245098039216	0.0118530523054
271	0.245098039216	0.0118530523054
272	0.245098039216	0.0118530523054
273	0.245098039216	0.0118530523054
274	0.245098039216	0.0118530523054
275	0.339154929577	0.0353234254148
276	0.339154929577	0.0353234254148
277	0.245098039216	0.0118530523054
278	0.245098039216	0.0118530523054
279	0.245098039216	0.0118530523054
280	0.245098039216	0.0118530523054
281	0.245098039216	0.0118530523054
282	0.245098039216	0.0118530523054
283	0.245098039216	0.0118530523054
284	0.245098039216	0.0118530523054
285	0.245098039216	0.0118530523054
286	0.339154929577	0.0353234254148
287	0.339154929577	0.0353234254148
288	0.339154929577	0.0353234254148
289	0.339154929577	0.0353234254148
290	0.339154929577	0.0353234254148
291	0.339154929577	0.0353234254148
292	0.339154929577	0.0353234254148
293	0.339154929577	0.0353234254148
294	0.339154929577	0.0353234254148
295	0.339154929577	0.0353234254148
296	0.339154929577	0.0353234254148
297	0.339154929577	0.0353234254148
298	0.440233236152	0.123786225138
299	0.440233236152	0.123786225138
300	0.440233236152	0.123786225138
301	0.440233236152	0.123786225138
302	0.440233236152	0.123786225138
303	0.440233236152	0.123786225138
304	0.440233236152	0.123786225138
305	0.440233236152	0.123786225138
306	0.440233236152	0.123786225138
307	0.440233236152	0.123786225138
308	0.440233236152	0.123786225138
309	0.440233236152	0.123786225138
310	0.440233236152	0.123786225138
311	0.440233236152	0.123786225138
312	0.440233236152	0.123786225138
313	0.440233236152	0.123786225138
314	0.440233236152	0.123786225138
315	0.440233236152	0.123786225138
316	0.440233236152	0.123786225138
317	0.339154929577	0.0353234254148
318	0.339154929577	0.0353234254148
319	0.339154929577	0.0353234254148
320	0.339154929577	0.0353234254148
321	0.339154929577	0.0353234254148
322	0.339154929577	0.0353234254148
323	0.339154929577	0.0353234254148
324	0.339154929577	0.0353234254148
325	0.339154929577	0.0353234254148
326	0.339154929577	0.0353234254148
327	0.339154929577	0.0353234254148
328	0.339154929577	0.0353234254148
329	0.339154929577	0.0353234254148
330	0.339154929577	0.0353234254148
331	0.339154929577	0.0353234254148
332	0.339154929577	0.0353234254148
333	0.339154929577	0.0353234254148
334	0.440233236152	0.123786225138
335	0.440233236152	0.123786225138
336	0.440233236152	0.123786225138
337	0.440233236152	0.123786225138
338	0.440233236152	0.123786225138
339	0.440233236152	0.123786225138
340	0.440233236152	0.123786225138
341	0.440233236152	0.123786225138
342	0.440233236152	0.123786225138
343	0.440233236152	0.123786225138
344	0.440233236152	0.123786225138
345	0.440233236152	0.123786225138
346	0.440233236152	0.123786225138
347	0.440233236152	0.123786225138
348	0.440233236152	0.123786225138
349	0.440233236152	0.123786225138
350	0.440233236152	0.123786225138
351	0.440233236152	0.123786225138
352	0.440233236152	0.123786225138
353	0.440233236152	0.123786225138
354	0.440233236152	0.123786225138
355	0.440233236152	0.123786225138
356	0.440233236152	0.123786225138
357	0.440233236152	0.123786225138
358	0.440233236152	0.123786225138
359	0.440233236152	0.123786225138
360	0.440233236152	0.123786225138
361	0.339154929577	0.0353234254148
362	0.339154929577	0.0353234254148
363	0.440233236152	0.123786225138
364	0.548913043478	0.250075070733
365	0.548913043478	0.250075070733
366	0.665832290363	0.444626441736
367	0.665832290363	0.444626441736
368	0.665832290363	0.444626441736
369	0.665832290363	0.444626441736
370	0.791693705386	0.702893576432
371	0.791693705386	0.702893576432
372	0.791693705386	0.702893576432
373	0.665832290363	0.444626441736
374	0.665832290363	0.444626441736
375	0.665832290363	0.444626441736
376	0.665832290363	0.444626441736
377	0.665832290363	0.444626441736
378	0.665832290363	0.444626441736
379	0.665832290363	0.444626441736
380	0.665832290363	0.444626441736
381	0.665832290363	0.444626441736
382	0.665832290363	0.444626441736
383	0.665832290363	0.444626441736
384	0.791693705386	0.702893576432
385	0.791693705386	0.702893576432
386	0.791693705386	0.702893576432
387	0.791693705386	0.702893576432
388	0.665832290363	0.444626441736
389	0.665832290363	0.444626441736
390	0.791693705386	0.702893576432
391	0.791693705386	0.702893576432
392	0.791693705386	0.702893576432
393	0.791693705386	0.702893576432
394	0.791693705386	0.702893576432
395	0.791693705386	0.702893576432
396	0.791693705386	0.702893576432
397	0.927272727273	1.0
398	0.927272727273	1.0
399	0.927272727273	1.0
400	1.07342657343	0.848987297954
401	1.07342657343	0.848987297954
402	1.07342657343	0.848987297954
403	1.07342657343	0.848987297954
404	1.07342657343	0.848987297954
405	1.07342657343	0.848987297954
406	1.07342657343	0.848987297954
407	1.07342657343	0.848987297954
408	1.07342657343	0.848987297954
409	0.927272727273	1.0
410	0.927272727273	1.0
411	0.927272727273	1.0
412	0.927272727273	1.0
413	0.927272727273	1.0
414	0.927272727273	1.0
415	0.927272727273	1.0
416	0.927272727273	1.0
417	0.927272727273	1.0
418	0.927272727273	1.0
419	0.927272727273	1.0
420	0.927272727273	1.0
421	0.927272727273	1.0
422	0.927272727273	1.0
423	0.927272727273	1.0
424	0.927272727273	1.0
425	0.791693705386	0.702893576432
426	0.791693705386	0.702893576432
427	0.794289422453	0.702899500931
428	0.79688513952	0.702925968463
429	0.799480856587	0.702972745715
430	0.802076573653	0.703039598163
431	0.80467229072	0.703126290184
432	0.807268007787	0.703232585167
433	0.809863724854	0.703358245616
434	0.812459441921	0.703503033259
435	0.815055158988	0.703666709147
436	0.817650876055	0.703849033752
437	0.820246593121	0.704049767066
438	0.69211514393	0.446203920765
439	0.572463768116	0.250840593883
440	0.574275362319	0.251120788508
441	0.462099125364	0.123254104556
442	0.463556851312	0.123417622075
443	0.465014577259	0.123604350418
444	0.466472303207	0.123814008487
445	0.360563380282	0.0520619846087
446	0.361690140845	0.0521339927564
447	0.362816901408	0.0522200786857
448	0.363943661972	0.0523200731842
449	0.365070422535	0.0524338098547
450	0.366197183099	0.0525611250618
451	0.367323943662	0.0527018578779
452	0.368450704225	0.0528558500314
453	0.369577464789	0.0530229458545
454	0.370704225352	0.0763459001971
455	0.471428571429	0.125189421451
456	0.472857142857	0.172179543717
457	0.474285714286	0.171939962127
458	0.475714285714	0.171726272542
459	0.367854183927	0.0530755472623
460	0.368958851146	0.0532210280674
461	0.370063518365	0.0533792203242
462	0.371168185584	0.076938969743
463	0.471988795518	0.12578091204
