#Position	OddsRatio	P-value
126	5.15076923077	7.64969987484e-13
127	5.26783216783	5.33808359717e-13
128	5.50399709302	1.7191443924e-13
129	5.63504464286	7.72299706132e-14
130	5.7724847561	5.19722437204e-14
131	5.916796875	2.30352251373e-14
132	5.84375	4.16820709401e-14
133	5.65153846154	1.83788733341e-13
134	5.46590909091	4.45526475026e-13
135	5.28656716418	1.17677077078e-12
136	5.42212016839	7.89471886412e-13
137	5.2443438914	2.01677004088e-12
138	5.17533936652	3.59726067506e-12
139	5.42026708562	1.15830572085e-12
140	5.2407120743	5.09004094967e-12
141	5.06712433257	1.12710137643e-11
142	5.20407363886	5.1385180473e-12
143	5.03166023166	1.95315847204e-11
144	4.86486486486	4.5311687796e-11
145	4.70345345345	1.80411352589e-10
146	4.54720473899	3.78496277682e-10
147	4.39590942294	8.51072542348e-10
148	4.24936936937	2.99476836058e-09
149	4.10739687055	6.14489824602e-09
150	3.96981396981	1.32689149649e-08
151	3.83645183645	4.19357217592e-08
152	3.94301994302	2.06015649181e-08
153	3.88141025641	3.48436603209e-08
154	4.06753246753	1.40976269859e-08
155	4.1871657754	1.15986765573e-08
156	4.39593301435	2.6661289423e-09
157	4.24557260921	8.87376296437e-09
158	4.17709563164	1.58072188715e-08
159	4.30762987013	7.12458366126e-09
160	4.15865384615	1.57291627254e-08
161	4.01424050633	5.01291324846e-08
162	4.14373213557	2.37238130039e-08
163	4.28185654008	1.79296206315e-08
164	4.4295067656	7.9138988049e-09
165	4.35443037975	1.38948466008e-08
166	4.59432234432	5.11450976119e-09
167	4.85425685426	1.80084449224e-09
168	4.68233618234	4.07918457498e-09
169	4.60018993352	7.19143302899e-09
170	4.43506797937	2.67604493602e-08
171	4.60564751704	1.08995703921e-08
172	4.78987341772	4.8504400792e-09
173	4.70278481013	8.5648559157e-09
174	4.99038461538	2.95854756309e-09
175	4.80801687764	1.10042633188e-08
176	4.63125	2.2659553908e-08
177	4.45987654321	4.8714455792e-08
178	4.29369918699	1.74050564312e-07
179	4.13253012048	3.3419685384e-07
180	4.31220534311	1.50064829681e-07
181	4.14906832298	5.18796957629e-07
182	4.06262939959	5.49282638067e-07
183	4.24729437229	3.81956942669e-07
184	4.15692640693	6.74242572826e-07
185	4.06655844156	1.18830429728e-06
186	4.26020408163	5.14295848208e-07
187	4.55421686747	1.90179271905e-07
188	4.37380952381	4.09919130932e-07
189	4.19882352941	1.33206864356e-06
190	4.41981424149	5.59599153807e-07
191	4.24112607099	1.16940095731e-06
192	4.06775559589	3.79810474892e-06
193	4.29374201788	1.59195573167e-06
194	4.18901660281	2.79610727673e-06
195	4.01325757576	5.54385480337e-06
196	4.2493315508	4.11116295462e-06
197	4.0687376074	7.69824825512e-06
198	4.32303370787	3.31096312345e-06
199	4.13680555556	6.76905888075e-06
200	4.48988764045	4.282876456e-06
201	4.29333333333	8.00313656136e-06
202	4.6	3.22202534568e-06
203	4.95384615385	1.32816547309e-06
204	4.73372781065	4.39798904965e-06
205	5.12820512821	1.60991356266e-06
206	4.89673913043	3.36287300243e-06
207	4.67204301075	7.04653233575e-06
208	5.09677419355	4.26833604876e-06
209	5.70326086957	1.31342233166e-06
210	5.43655913978	2.74548134057e-06
211	5.17765957447	5.7792581934e-06
212	4.92631578947	1.2153252665e-05
213	4.76210526316	2.16656209572e-05
214	4.59789473684	3.8477102042e-05
215	4.43368421053	6.8030899476e-05
216	4.19791666667	0.000218988549377
217	4.66435185185	8.23066325664e-05
218	5.33684210526	2.69535688297e-05
219	5.04557291667	5.48430906233e-05
220	4.76288659794	0.00011123316352
221	5.44329896907	6.71434337879e-05
222	5.12973760933	0.000129310104762
223	4.8253968254	0.000250041564681
224	4.53	0.000482419831185
225	4.243281471	0.000923634183039
226	4.03111739745	0.00160730991501
227	4.70297029703	0.00108284248334
228	5.738	0.000338331548694
229	7.1725	9.46456169809e-05
230	6.68316831683	0.000198230815263
231	6.31188118812	0.000376593921711
232	5.8431372549	0.00077182432987
233	5.38834951456	0.00155958649851
234	4.94711538462	0.00532369576485
235	4.51904761905	0.00954850862495
236	4.10377358491	0.0170001283543
237	3.70093457944	0.0298964587163
238	4.93457943925	0.0113929333784
239	7.40186915888	0.00353208487406
240	6.72897196262	0.00677993699589
241	5.95833333333	0.013620726661
242	5.2962962963	0.0254605810961
243	4.55963302752	0.0824466050344
244	9.11926605505	0.0241105558716
245	7.69090909091	0.0479404360545
246	6.30630630631	0.0937631652755
247	4.96428571429	0.179326921952
248	inf	0.0401794695449
249	inf	0.0914800422675
250	inf	0.202051571617
251	inf	0.448412698413
252	0.0	1.0
253	0.0	0.502917372483
254	0.0	0.253758052971
255	0.0	0.129273279343
256	0.0	0.0655374085926
257	0.23652173913	0.226656375975
258	0.193965517241	0.131294108273
259	0.163614163614	0.0746889202033
260	0.327228327228	0.186305042038
261	0.490842490842	0.350489584451
262	0.422669491525	0.231911569376
263	0.57264957265	0.555162580976
264	0.500941619586	0.393142697931
265	0.443697478992	0.270455849062
266	0.39696969697	0.181284976135
267	0.358126721763	0.118702295053
268	0.454861111111	0.208536272784
269	0.413223140496	0.140843823836
270	0.377634660422	0.0931105384104
271	0.346883468835	0.0603538277027
272	0.416260162602	0.109543824248
273	0.384072580645	0.0729017377144
274	0.448084677419	0.125371749266
275	0.421726755218	0.0854004030402
276	0.398297491039	0.0573172492917
277	0.371368421053	0.0376090835255
278	0.347222222222	0.024284584822
279	0.330687830688	0.0155640089797
280	0.310665712241	0.00974023567835
281	0.29245923913	0.00601574674718
282	0.2802734375	0.00370506103167
283	0.3203125	0.0077651303451
284	0.3603515625	0.0150158910913
285	0.340465116279	0.00964221639459
286	0.322189349112	0.00389473266964
287	0.310256410256	0.00383420795044
288	0.294438386041	0.00149624042508
289	0.284285338247	0.0014525291399
290	0.270454545455	0.00087646197012
291	0.261730205279	0.000526139474622
292	0.249530075188	0.000309987732619
293	0.238127544098	0.000107951436671
294	0.227450980392	5.91361151753e-05
295	0.21743697479	3.20793371451e-05
296	0.20802919708	1.72671787904e-05
297	0.234885620915	4.71972811098e-05
298	0.22853736089	2.85819410553e-05
299	0.251391096979	6.68919862179e-05
300	0.274244833068	0.000148258361913
301	0.262773722628	8.48447367802e-05
302	0.284671532847	0.000184771870779
303	0.272946859903	0.000108713491585
304	0.293942772204	0.000233520978443
305	0.282014388489	8.43335372952e-05
306	0.270731707317	4.74917390635e-05
307	0.260047281324	2.66356988673e-05
308	0.249918113331	1.49272067696e-05
309	0.267769407141	3.37810724625e-05
310	0.257469802924	1.18596886707e-05
311	0.247685185185	6.34937657423e-06
312	0.238380809595	3.39567035667e-06
313	0.229524919848	1.82219645542e-06
314	0.248862802641	4.61230546233e-06
315	0.24367816092	2.75957344248e-06
316	0.234833659491	1.46913528432e-06
317	0.230136986301	8.66581723358e-07
318	0.244520547945	1.9970054289e-06
319	0.235827664399	1.08791227401e-06
320	0.227520790021	3.62502832255e-07
321	0.244897959184	1.4736425641e-06
322	0.240277242973	8.53998805964e-07
323	0.235827664399	5.01069768068e-07
324	0.231539888683	2.98032190756e-07
325	0.223696911197	1.53189374259e-07
326	0.216178028965	7.96415701866e-08
327	0.208965517241	4.21519149528e-08
328	0.202042877989	1.23378938611e-08
329	0.213267482321	2.96367653084e-08
330	0.20625	1.48940922717e-08
331	0.199507125254	7.65787423714e-09
332	0.210007500268	1.11194484259e-08
333	0.203183912861	5.33199129171e-09
334	0.199958771387	3.07771860381e-09
335	0.193548387097	1.45272058615e-09
336	0.190570719603	8.26866684254e-10
337	0.200099255583	2.05600540685e-09
338	0.19706744868	1.16713162175e-09
339	0.194126143476	6.77092003763e-10
340	0.18806561086	3.09913708204e-10
341	0.182220991415	1.45363702153e-10
342	0.176582278481	7.07290002457e-11
343	0.171140047834	1.82979446081e-11
344	0.165885416667	7.92290953481e-12
345	0.160810005956	3.55596500789e-12
346	0.171404109589	1.17136073821e-11
347	0.1823037822	3.7611917012e-11
348	0.179840217576	2.14941050164e-11
349	0.187659357471	5.29537404615e-11
350	0.182	2.46810724879e-11
351	0.176528277215	6.90958326992e-12
352	0.183883622099	1.6747117938e-11
353	0.178371011704	7.53535756966e-12
354	0.188755344035	2.31870313181e-11
355	0.183127572016	1.07206768308e-11
356	0.190170940171	1.63721510164e-11
357	0.197214308325	3.81078213419e-11
358	0.20425767648	9.26445193968e-11
359	0.198182806554	2.63695960988e-11
360	0.195705521472	2.44636193476e-11
361	0.193289403923	1.31875462294e-11
362	0.18761154075	6.3051498739e-12
363	0.185351160741	3.32045186807e-12
364	0.183144599303	1.81938811464e-12
365	0.180989956958	1.03427174642e-12
366	0.175757575758	4.37721040739e-13
367	0.181818181818	1.14302293113e-12
368	0.176568342335	2.92614916149e-13
369	0.171475231355	1.21532365842e-13
370	0.166532905297	5.36460229991e-14
371	0.164682539683	2.78132413656e-14
372	0.15995838481	1.23074273026e-14
373	0.168301936159	3.92095281015e-14
374	0.163493696939	1.01418130918e-14
375	0.168767687162	2.44084210683e-14
376	0.16394686907	1.03447066622e-14
377	0.159263406744	2.53728276499e-15
