#Position	OddsRatio	P-value
128	3.38888888889	2.59875694708e-07
129	3.33333333333	2.70667215207e-07
130	3.20217096336	8.19491515968e-07
131	3.25068870523	7.52283439155e-07
132	3.1955922865	8.0027187325e-07
133	3.24475524476	6.78115463676e-07
134	3.29545454545	6.02178419704e-07
135	3.16489955357	1.19527473628e-06
136	3.29004329004	5.64013982128e-07
137	3.15873015873	1.72251842546e-06
138	3.03258145363	3.36724179147e-06
139	2.91133004926	9.59572042902e-06
140	2.79472693032	1.78409697043e-05
141	2.83980317113	1.58130547248e-05
142	2.88635732148	1.46614099817e-05
143	2.83189774937	2.35074008629e-05
144	2.71721311475	4.06323820433e-05
145	2.82372881356	2.12739667617e-05
146	2.70833333333	5.93761918335e-05
147	2.59726775956	0.000101127524208
148	2.64128924701	9.35753261303e-05
149	2.68682871679	5.64035274471e-05
150	2.57619577308	0.000146451451294
151	2.62139219015	9.04480860665e-05
152	2.72599531616	4.86944724967e-05
153	2.77555886736	4.25670172765e-05
154	2.66011730205	0.000117493293361
155	2.70937873357	6.83512915758e-05
156	2.76049908704	6.20724168489e-05
157	2.81358560794	3.65689882238e-05
158	2.75372208437	5.79273981689e-05
159	2.86853101896	3.01170210152e-05
160	2.74667931689	8.14942663473e-05
161	2.62931839402	0.000144787476313
162	2.6819047619	0.00012880337917
163	2.73663751215	7.87486771345e-05
164	2.85349462366	6.16937886696e-05
165	2.73015873016	0.00010752269752
166	2.78824721378	9.78152628784e-05
167	2.84886128364	5.58551563009e-05
168	2.91216931217	4.89969687379e-05
169	2.97835497835	2.82356915076e-05
170	2.84872159091	7.81113368451e-05
171	2.91497093023	4.54899491528e-05
172	3.04761904762	3.52043309715e-05
173	3.12195121951	1.86339398081e-05
174	2.984375	5.64668670478e-05
175	2.85178236398	9.92056018612e-05
176	2.72394678492	0.000181727694059
177	2.79204545455	0.00015577266171
178	2.66567164179	0.000280916358769
179	2.73402219671	0.000242152382368
180	2.80597014925	0.000221150747746
181	2.88180718031	0.000120317452791
182	3.02272727273	5.99399348943e-05
183	3.10909090909	5.07849168591e-05
184	3.20053475936	2.75589709135e-05
185	3.05355575066	8.06339535997e-05
186	2.97102721686	0.000132542001034
187	3.06105834464	7.268456099e-05
188	2.91666666667	0.000207384607125
189	2.77733860343	0.000365409287765
190	2.921875	0.000186536148687
191	3.01612903226	0.000156783820568
192	3.11666666667	8.57270385648e-05
193	2.9652173913	0.000244129565848
194	3.06746626687	0.000131894261441
195	3.17701863354	0.000107990428644
196	3.29468599034	5.70833938548e-05
197	3.42140468227	4.44732966054e-05
198	3.55826086957	2.30260235256e-05
199	3.38285714286	6.96666552509e-05
200	3.21352112676	0.000132653055643
201	3.05	0.000258295189034
202	2.94833333333	0.000666099484094
203	2.79232876712	0.00113589108684
204	2.64162162162	0.00198165324192
205	2.496	0.00509250511067
206	2.35526315789	0.00812661942465
207	2.21922077922	0.0130827392206
208	2.31168831169	0.0116539657874
209	2.41219649915	0.00701358899093
210	2.26923076923	0.0166821710962
211	2.37237762238	0.00993741516233
212	2.48534798535	0.00890993580624
213	2.33393610609	0.0140974985593
214	2.45063291139	0.0084455595174
215	2.296875	0.0200454355723
216	2.41776315789	0.0118123623772
217	2.261208577	0.0194491039619
218	2.10975609756	0.0430743232809
219	2.22696476965	0.0266479889489
220	2.07228915663	0.0599677075485
221	1.92261904762	0.0879263997888
222	2.03571428571	0.0569585076049
223	1.88235294118	0.119585856789
224	1.73392612859	0.169668117411
225	1.875	0.111898656916
226	2.0	0.104007163749
227	1.86666666667	0.148710808478
228	2.0	0.0953992810153
229	1.82475083056	0.143127053088
230	1.65517241379	0.280941845006
231	1.49107142857	0.383301309265
232	1.60576923077	0.273034261316
233	1.43474503025	0.495943315356
234	1.5543071161	0.357361293122
235	1.375	0.486979112344
236	1.20146520147	0.809506919876
237	1.33333333333	0.621853167504
238	1.46666666667	0.4534283743
239	1.26153846154	0.794833838458
240	1.42592592593	0.592322888565
241	1.20146520147	0.784799321761
242	1.35164835165	0.579871135342
243	1.54474097331	0.555683000534
244	1.26552795031	0.762163592595
245	0.995391705069	1.0
246	0.734042553191	0.7505694158
247	0.856382978723	1.0
248	0.570921985816	0.714446675329
249	0.685106382979	1.0
250	0.870967741935	1.0
251	0.428191489362	0.65541136566
252	0.570921985816	1.0
253	0.0	0.299384671071
254	0.0	0.532161964981
255	0.0	1.0
256	0.0	1.0
257	0.0	0.532161964981
258	0.0	0.299384671071
259	0.0	0.299996873045
260	0.0	0.161206085794
261	0.0	0.0873464975746
262	0.0	0.0478772273939
263	0.0	0.0265277898681
264	0.0	0.0153816666707
265	0.0	0.0150598413899
266	0.0	0.00794720858386
267	0.143250688705	0.0347599757019
268	0.131313131313	0.0353892386398
269	0.119230769231	0.0201971047745
270	0.110714285714	0.0116174950297
271	0.221428571429	0.0345623938403
272	0.332142857143	0.118897658894
273	0.30495049505	0.0765240744709
274	0.285891089109	0.0489336191394
275	0.26907396622	0.0314320640438
276	0.364705882353	0.099028546903
277	0.455882352941	0.169653797825
278	0.423542354235	0.117014584814
279	0.401250651381	0.0805668846515
280	0.375	0.0541722421616
281	0.357142857143	0.0545098093522
282	0.340909090909	0.0358996200114
283	0.409090909091	0.0654115433667
284	0.485148514851	0.111611503233
285	0.45652173913	0.110705544719
286	0.530348687043	0.171017213423
287	0.5	0.123371584053
288	0.5625	0.185747872993
289	0.531262135922	0.136051189399
290	0.510828976848	0.0999559798799
291	0.483974358974	0.098990125694
292	0.46668956044	0.0702084781146
293	0.518543956044	0.108568685913
294	0.500663129973	0.0791158312138
295	0.483974358974	0.0796523016379
296	0.541100323625	0.11989382932
297	0.523645474475	0.0885348043082
298	0.571249608519	0.130637062831
299	0.544471153846	0.0964932022174
300	0.519480519481	0.0702686536309
301	0.562770562771	0.104177601606
302	0.546218487395	0.103333962444
303	0.588235294118	0.147070594155
304	0.562264150943	0.110335374257
305	0.53790238837	0.0816470712419
306	0.585691823899	0.11819643708
307	0.560747663551	0.0882197867232
308	0.54599114609	0.0663970948979
309	0.523504273504	0.048341881049
310	0.502293577982	0.0347298013655
311	0.490042515104	0.0343276587944
312	0.478374836173	0.024689129266
313	0.518518518519	0.0387212210976
314	0.498399829315	0.0277359177271
315	0.487072560467	0.0273659569955
316	0.47624872579	0.019682716357
317	0.465895492621	0.0142553185295
318	0.448742746615	0.00986768825838
319	0.439393939394	0.00971814348951
320	0.430426716141	0.00679443579693
321	0.4573283859	0.0109480934001
322	0.492042688635	0.0241095559616
323	0.482201834862	0.0172782864036
324	0.508990825688	0.0261018249707
325	0.491087344029	0.0187394522543
326	0.474012474012	0.0133125850313
327	0.457715633423	0.00936276160911
328	0.442150114716	0.00652270584227
329	0.434111021722	0.0045232745432
330	0.456958970233	0.00721425247798
331	0.479806918745	0.0111884691096
332	0.502654867257	0.0169004958812
333	0.525502815768	0.024900554947
334	0.516118836915	0.0183054200825
335	0.499076638966	0.013127508791
336	0.529110386586	0.019908905606
337	0.511796733212	0.0143167522882
338	0.541653951785	0.0285034136384
339	0.524085637823	0.0209795709497
340	0.515350877193	0.0153378597049
341	0.498930862438	0.0110296115092
342	0.490883590463	0.00800038778311
343	0.475506294472	0.00561925886324
344	0.460737179487	0.00391450042173
345	0.446544980443	0.00270706917755
346	0.4329004329	0.00186033048552
347	0.426439232409	0.00127824580555
348	0.413602941176	0.000857542380828
349	0.436974789916	0.00143693246999
350	0.430641821946	0.00143492416748
351	0.447204968944	0.00162203733661
352	0.433928571429	0.00108688085068
353	0.427816901408	0.00107497788887
354	0.415289256198	0.000509029104443
355	0.409600362278	0.000491456750419
356	0.431506849315	0.000836382563988
357	0.425675675676	0.000823866866538
358	0.413443526171	0.000555938182805
359	0.435	0.000912554286491
360	0.422575032623	0.000613892001002
361	0.410581222057	0.000411608090204
362	0.424739195231	0.000469206805428
363	0.412757973734	0.000306584892843
364	0.407533189256	0.00030379346805
365	0.40243902439	0.000205444116633
366	0.391278375149	0.000133553721345
367	0.380487804878	8.67457085704e-05
368	0.370051635112	3.76212516975e-05
369	0.359955005624	2.31859896419e-05
370	0.37783446712	6.30493608434e-05
371	0.39619047619	0.000110346351178
372	0.385434173669	7.0937599135e-05
373	0.375022889581	4.56454697253e-05
374	0.364942528736	1.95414160665e-05
375	0.382297040456	5.13395376192e-05
376	0.377952755906	3.45878217105e-05
377	0.395562770563	8.94192130113e-05
378	0.38503052287	3.99645699868e-05
379	0.380752405949	3.83015604761e-05
380	0.376568313576	2.58808379295e-05
381	0.372475179733	2.52570549338e-05
382	0.362735215054	1.09092594908e-05
383	0.353290450272	6.58298294429e-06
