#Position	OddsRatio	P-value
52	40.3071428571	2.66502005642e-19
53	40.1892857143	2.87098164041e-19
54	38.3098591549	1.59884228229e-18
55	38.1971830986	1.71879619546e-18
56	38.0845070423	1.84805009808e-18
57	37.9718309859	1.98734839598e-18
58	37.8591549296	2.13749695876e-18
59	36.0590277778	1.15673173832e-17
60	35.9513888889	1.24148289467e-17
61	34.2123287671	6.57304635066e-17
62	34.1095890411	7.03954985136e-17
63	34.0068493151	7.54033491443e-17
64	33.904109589	8.07800727093e-17
65	33.801369863	8.65537731306e-17
66	32.1351351351	4.45215703142e-16
67	32.0371621622	4.76002953598e-16
68	31.9391891892	5.08996997499e-16
69	30.3333333333	2.55514366665e-15
70	30.24	2.72627405415e-15
71	28.6875	1.3386019393e-14
72	27.1818181818	6.44290634866e-14
73	27.0974025974	6.84309893682e-14
74	25.641025641	3.22060738127e-13
75	25.5608974359	3.41302189204e-13
76	24.1518987342	1.57032018548e-12
77	24.0759493671	1.66040059456e-12
78	24.0	1.75587310088e-12
79	22.640625	7.8769436679e-12
80	22.56875	8.31097816112e-12
81	22.496875	8.77001020329e-12
82	22.425	9.25554194002e-12
83	21.1172839506	4.03728731026e-11
84	21.049382716	4.25102746208e-11
85	20.9814814815	4.47661633981e-11
86	20.9135802469	4.714740397e-11
87	20.8456790123	4.96612757648e-11
88	20.7777777778	5.23154992211e-11
89	20.7098765432	5.5118263615e-11
90	20.6419753086	5.80782567138e-11
91	20.5740740741	6.12046963804e-11
92	20.5061728395	6.45073642598e-11
93	19.2713414634	2.69479500871e-10
94	19.2073170732	2.83352091176e-10
95	19.1432926829	2.97973931328e-10
96	19.0792682927	3.13387387264e-10
97	19.0152439024	3.29637328069e-10
98	18.9512195122	3.46771280241e-10
99	17.7710843373	1.4000450018e-09
100	17.7108433735	1.46928951083e-09
101	17.6506024096	1.54213473925e-09
102	17.5903614458	1.61877708849e-09
103	17.5301204819	1.69942417308e-09
104	17.5301204819	1.69942417308e-09
105	17.5301204819	1.69942417308e-09
106	17.5301204819	1.69942417308e-09
107	17.5301204819	1.69942417308e-09
108	17.5301204819	1.69942417308e-09
109	13.119047619	2.39943107103e-08
110	13.119047619	2.39943107103e-08
111	13.119047619	2.39943107103e-08
112	13.119047619	2.39943107103e-08
113	13.119047619	2.39943107103e-08
114	13.119047619	2.39943107103e-08
115	17.5301204819	1.69942417308e-09
116	17.5301204819	1.69942417308e-09
117	13.119047619	2.39943107103e-08
118	10.2	2.6486651624e-07
119	8.13289036545	2.34629045838e-06
120	6.59770114943	1.69880312927e-05
121	6.59770114943	1.69880312927e-05
122	5.41666666667	0.000101880548857
123	5.41666666667	0.000101880548857
124	5.41666666667	0.000101880548857
125	5.41666666667	0.000101880548857
126	4.48314606742	0.00051108156049
127	4.48314606742	0.00051108156049
128	3.72929292929	0.00274675998727
129	3.72929292929	0.00274675998727
130	3.10989010989	0.0136526573217
131	3.10989010989	0.0136526573217
132	3.10989010989	0.0136526573217
133	3.10989010989	0.0136526573217
134	3.10989010989	0.0136526573217
135	3.10989010989	0.0136526573217
136	2.59364548495	0.0294851740551
137	2.15821812596	0.0901074638829
138	1.78723404255	0.227188008831
139	1.78723404255	0.227188008831
140	1.46842105263	0.470003796362
141	1.46842105263	0.470003796362
142	1.46842105263	0.470003796362
143	1.19240196078	0.810024516957
144	0.951890034364	1.0
145	0.951890034364	1.0
146	0.741138560687	0.63957374954
147	0.741138560687	0.63957374954
148	0.555555555556	0.345373127713
149	0.391428571429	0.152013954726
150	0.391428571429	0.152013954726
151	0.245724572457	0.0523866751679
152	0.245724572457	0.0523866751679
153	0.115942028986	0.00807677687031
154	0.115942028986	0.00807677687031
155	0.115942028986	0.00807677687031
156	0.115942028986	0.00807677687031
157	0.115942028986	0.00807677687031
158	0.115942028986	0.00807677687031
159	0.115942028986	0.00807677687031
160	0.115942028986	0.00807677687031
161	0.115942028986	0.00807677687031
162	0.115942028986	0.00807677687031
163	0.115942028986	0.00807677687031
164	0.115942028986	0.00807677687031
165	0.115942028986	0.00807677687031
166	0.115942028986	0.00807677687031
167	0.115942028986	0.00807677687031
168	0.115942028986	0.00807677687031
169	0.115942028986	0.00807677687031
170	0.115942028986	0.00807677687031
171	0.115942028986	0.00807677687031
172	0.115942028986	0.00807677687031
173	0.115942028986	0.00807677687031
174	0.115942028986	0.00807677687031
175	0.115942028986	0.00807677687031
176	0.115942028986	0.00807677687031
177	0.115942028986	0.00807677687031
178	0.115942028986	0.00807677687031
179	0.115942028986	0.00807677687031
180	0.115942028986	0.00807677687031
181	0.115942028986	0.00807677687031
182	0.115942028986	0.00807677687031
183	0.115942028986	0.00807677687031
184	0.115942028986	0.00807677687031
185	0.115942028986	0.00807677687031
186	0.115942028986	0.00807677687031
187	0.115942028986	0.00807677687031
188	0.115942028986	0.00807677687031
189	0.115942028986	0.00807677687031
190	0.115942028986	0.00807677687031
191	0.115942028986	0.00807677687031
192	0.115942028986	0.00807677687031
193	0.115942028986	0.00807677687031
194	0.115942028986	0.00807677687031
195	0.115942028986	0.00807677687031
196	0.115942028986	0.00807677687031
197	0.115942028986	0.00807677687031
198	0.115942028986	0.00807677687031
199	0.115942028986	0.00807677687031
200	0.115942028986	0.00807677687031
201	0.115942028986	0.00807677687031
202	0.115942028986	0.00807677687031
203	0.115942028986	0.00807677687031
204	0.115942028986	0.00807677687031
205	0.115942028986	0.00807677687031
206	0.115942028986	0.00807677687031
207	0.115942028986	0.00807677687031
208	0.115942028986	0.00807677687031
209	0.115942028986	0.00807677687031
210	0.115942028986	0.00807677687031
211	0.115942028986	0.00807677687031
212	0.115942028986	0.00807677687031
213	0.115942028986	0.00807677687031
214	0.115942028986	0.00807677687031
215	0.245724572457	0.0523866751679
216	0.245724572457	0.0523866751679
217	0.245724572457	0.0523866751679
218	0.115942028986	0.00807677687031
219	0.115942028986	0.00807677687031
220	0.245724572457	0.0523866751679
221	0.245724572457	0.0523866751679
222	0.245724572457	0.0523866751679
223	0.245724572457	0.0523866751679
224	0.245724572457	0.0523866751679
225	0.245724572457	0.0523866751679
226	0.245724572457	0.0523866751679
227	0.245724572457	0.0523866751679
228	0.245724572457	0.0523866751679
229	0.245724572457	0.0523866751679
230	0.245724572457	0.0523866751679
231	0.245724572457	0.0523866751679
232	0.245724572457	0.0523866751679
233	0.245724572457	0.0523866751679
234	0.245724572457	0.0523866751679
235	0.245724572457	0.0523866751679
236	0.245724572457	0.0523866751679
237	0.245724572457	0.0523866751679
238	0.245724572457	0.0523866751679
239	0.391428571429	0.152013954726
240	0.391428571429	0.152013954726
241	0.391428571429	0.152013954726
242	0.391428571429	0.152013954726
243	0.391428571429	0.152013954726
244	0.391428571429	0.152013954726
245	0.391428571429	0.152013954726
246	0.391428571429	0.152013954726
247	0.391428571429	0.152013954726
248	0.391428571429	0.152013954726
249	0.391428571429	0.152013954726
250	0.391428571429	0.152013954726
251	0.391428571429	0.152013954726
252	0.391428571429	0.152013954726
253	0.391428571429	0.152013954726
254	0.391428571429	0.152013954726
255	0.391428571429	0.152013954726
256	0.391428571429	0.152013954726
257	0.391428571429	0.152013954726
258	0.391428571429	0.152013954726
259	0.391428571429	0.152013954726
260	0.391428571429	0.152013954726
261	0.391428571429	0.152013954726
262	0.391428571429	0.152013954726
263	0.391428571429	0.152013954726
264	0.391428571429	0.152013954726
265	0.391428571429	0.152013954726
266	0.391428571429	0.152013954726
267	0.391428571429	0.152013954726
268	0.391428571429	0.152013954726
269	0.391428571429	0.152013954726
270	0.391428571429	0.152013954726
271	0.391428571429	0.152013954726
272	0.391428571429	0.152013954726
273	0.391428571429	0.152013954726
274	0.391428571429	0.152013954726
275	0.391428571429	0.152013954726
276	0.391428571429	0.152013954726
277	0.391428571429	0.152013954726
278	0.391428571429	0.152013954726
279	0.391428571429	0.152013954726
280	0.391428571429	0.152013954726
281	0.391428571429	0.152013954726
282	0.391428571429	0.152013954726
283	0.391428571429	0.152013954726
284	0.391428571429	0.152013954726
285	0.391428571429	0.152013954726
286	0.391428571429	0.152013954726
287	0.391428571429	0.152013954726
288	0.391428571429	0.152013954726
289	0.391428571429	0.152013954726
290	0.391428571429	0.152013954726
291	0.391428571429	0.152013954726
292	0.391428571429	0.152013954726
293	0.391428571429	0.152013954726
294	0.391428571429	0.152013954726
295	0.391428571429	0.152013954726
296	0.391428571429	0.152013954726
297	0.391428571429	0.152013954726
298	0.391428571429	0.152013954726
299	0.391428571429	0.152013954726
300	0.391428571429	0.152013954726
301	0.391428571429	0.152013954726
302	0.391428571429	0.152013954726
303	0.391428571429	0.152013954726
304	0.391428571429	0.152013954726
305	0.391428571429	0.152013954726
306	0.391428571429	0.152013954726
307	0.391428571429	0.152013954726
308	0.391428571429	0.152013954726
309	0.391428571429	0.152013954726
310	0.391428571429	0.152013954726
311	0.391428571429	0.152013954726
312	0.391428571429	0.152013954726
313	0.391428571429	0.152013954726
314	0.391428571429	0.152013954726
315	0.391428571429	0.152013954726
316	0.391428571429	0.152013954726
317	0.391428571429	0.152013954726
318	0.245724572457	0.0523866751679
319	0.245724572457	0.0523866751679
320	0.245724572457	0.0523866751679
321	0.245724572457	0.0523866751679
322	0.245724572457	0.0523866751679
323	0.115942028986	0.00807677687031
324	0.115942028986	0.00807677687031
325	0.115942028986	0.00807677687031
326	0.115942028986	0.00807677687031
327	0.115942028986	0.00807677687031
328	0.115942028986	0.00807677687031
329	0.115942028986	0.00807677687031
330	0.115942028986	0.00807677687031
331	0.115942028986	0.00807677687031
332	0.115942028986	0.00807677687031
333	0.115942028986	0.00807677687031
334	0.115942028986	0.00807677687031
335	0.115942028986	0.00807677687031
336	0.115942028986	0.00807677687031
337	0.115942028986	0.00807677687031
338	0.115942028986	0.00807677687031
339	0.115942028986	0.00807677687031
340	0.115942028986	0.00807677687031
341	0.115942028986	0.00807677687031
342	0.0	0.00109755591008
343	0.0	0.00109755591008
344	0.0	0.00109755591008
345	0.0	0.00109755591008
346	0.0	0.00109755591008
347	0.0	0.00109755591008
348	0.0	0.00109755591008
349	0.0	0.00109755591008
350	0.0	0.00109755591008
351	0.0	0.00109755591008
352	0.0	0.00109755591008
353	0.0	0.00109755591008
354	0.0	0.00109755591008
355	0.0	0.00109755591008
356	0.0	0.00109755591008
357	0.0	0.00109755591008
358	0.0	0.00109755591008
359	0.0	0.00109755591008
360	0.0	0.00109755591008
361	0.0	0.00109755591008
362	0.0	0.00109755591008
363	0.0	0.00109755591008
364	0.0	0.00109755591008
365	0.0	0.00109755591008
366	0.0	0.00109755591008
367	0.0	0.00109755591008
368	0.0	0.00109755591008
369	0.0	0.00109755591008
370	0.0	0.00109755591008
371	0.0	0.00109755591008
372	0.0	0.00109755591008
373	0.0	0.00109755591008
374	0.0	0.00109755591008
375	0.0	0.00109755591008
376	0.0	0.00109755591008
377	0.0	0.00109755591008
378	0.0	0.00109755591008
379	0.0	0.00109755591008
380	0.0	0.00109755591008
381	0.0	0.00109755591008
382	0.0	0.00109755591008
383	0.0	0.00109755591008
384	0.0	0.00109755591008
385	0.0	0.00109755591008
386	0.0	0.00109755591008
387	0.0	0.00109755591008
388	0.0	0.00109755591008
389	0.0	0.00109755591008
390	0.0	0.00109755591008
391	0.0	0.00109755591008
392	0.0	0.00109755591008
393	0.0	0.00109755591008
394	0.0	0.00109755591008
395	0.0	0.00109755591008
396	0.0	0.00109755591008
397	0.0	0.00109755591008
398	0.0	0.00109755591008
399	0.0	0.00109655641815
400	0.0	0.00109620384196
401	0.0	0.00109648685281
402	0.0	0.00109739455406
403	0.0	0.00109891646615
404	0.0	0.00110104251211
405	0.0	0.00110376300348
406	0.0	0.0011070686269
407	0.0	0.00111095043101
408	0.0	0.00111539981387
409	0.0	0.0011204085108
410	0.0	0.00112596858267
411	0.0	0.00113207240452
412	0.0	0.0011387126547
413	0.0	0.00114588230421
414	0.0	0.00115357460658
415	0.0	0.00116178308798
416	0.0	0.00117050153772
417	0.0	0.00117972399907
418	0.0	0.0011894447604
419	0.0	0.00119965834656
420	0.0	0.00121035951068
421	0.0	0.00122154322614
422	0.0	0.00216441234263
423	0.0	0.00215498139456
424	0.0	0.00214654610395
425	0.0	0.00213908878724
426	0.0	0.0021325923012
427	0.0	0.0021270400268
428	0.0	0.00212241585357
429	0.0	0.0021187041644
430	0.0	0.00211588982083
431	0.0	0.00211395814878
432	0.0	0.00211289492464
433	0.0	0.00211268636188
434	0.0	0.00211331909798
435	0.0	0.00211478018176
436	0.0	0.0021170570611
437	0.0	0.00212013757106
438	0.0	0.00212400992227
439	0.0	0.00212866268972
440	0.0	0.00213408480192
441	0.0	0.00214026553026
442	0.0	0.00214719447883
443	0.0	0.00215486157444
444	0.0	0.00216325705696
445	0.0	0.00217237146996
446	0.0	0.00218219565166
447	0.0	0.00219272072603
448	0.0	0.00220393809431
449	0.0	0.00221583942665
